1, 0, 1, 0, 0, 1, 0, 0, 0, 0, 1, 0, 0, 1, A, 1, I, 1, major, 0, A4
1, 0, 1, 0, 0, 1, 0, 0, 0, 0, 1, 0, 0, 1, A, 1, I, 1, major, 0, A4
2, 0, 1, 0, 0, 1, 0, 0, 0, 0, 1, 0, 0, 1, A, 1, I, 1, major, 0, A4
3, 0, 0, 1, 0, 0, 0, 1, 0, 0, 0, 0, 1, 1, A, 1, ii, 2, minor, 0, B4
4, 0, 0, 1, 0, 0, 0, 1, 0, 0, 0, 0, 1, 1, A, 1, ii, 2, minor, 0, B4
5, 0, 0, 1, 0, 1, 0, 0, 0, 1, 0, 0, 1, 1, A, 1, V7, 5, major, 0, E5
6, 0, 0, 1, 0, 1, 0, 0, 0, 1, 0, 0, 1, 1, A, 1, V7, 5, major, 0, E5
7, 0, 0, 1, 0, 1, 0, 0, 0, 1, 0, 0, 1, 1, A, 1, V7, 5, major, 0, E5
8, 0, 0, 1, 0, 1, 0, 0, 0, 1, 0, 0, 1, 1, A, 1, V7, 5, major, 0, E5
9, 0, 1, 0, 0, 1, 0, 0, 0, 0, 1, 0, 0, 1, A, 1, I, 1, major, 0, A4
10, 0, 1, 0, 0, 1, 0, 0, 0, 0, 1, 0, 0, 1, A, 1, I, 1, major, 0, A4
11, 0, 0, 1, 0, 1, 0, 0, 0, 1, 0, 0, 1, 1, A, 1, V7, 5, major, 0, E5
12, 0, 1, 0, 0, 1, 0, 0, 0, 0, 1, 0, 0, 1, A, 1, I, 1, major, 0, A4
13, 0, 0, 1, 0, 1, 0, 0, 0, 1, 0, 0, 1, 1, A, 1, V42, 5, major, 3, E5
14, 0, 1, 0, 0, 1, 0, 0, 0, 0, 1, 0, 0, 1, A, 1, I6, 1, major, 1, A5
15, 0, 0, 1, 0, 1, 0, 0, 0, 1, 0, 0, 1, 1, A, 1, V65, 5, major, 1, E6
16, 0, 1, 0, 0, 1, 0, 0, 0, 0, 1, 0, 0, 1, A, 1, I, 1, major, 0, A4
16, 0, 0, 0, 1, 0, 0, 1, 0, 0, 1, 0, 1, 1, E, 1, V7, 5, major, 0, B4
17, 0, 0, 0, 0, 1, 0, 0, 0, 1, 0, 0, 1, 1, E, 1, I, 1, major, 0, E4
17, 0, 0, 0, 1, 0, 0, 1, 0, 0, 1, 0, 1, 1, E, 1, V7, 5, major, 0, B4
18, 0, 0, 0, 0, 1, 0, 0, 0, 1, 0, 0, 1, 1, E, 1, I, 1, major, 0, E4
18, 0, 0, 0, 1, 0, 0, 1, 0, 0, 1, 0, 1, 1, E, 1, V7, 5, major, 0, B4
19, 0, 0, 0, 0, 1, 0, 0, 0, 1, 0, 0, 1, 1, E, 1, I, 1, major, 0, E4
20, 0, 0, 0, 0, 1, 0, 0, 0, 1, 0, 0, 1, 1, E, 1, I, 1, major, 0, E4
21, 0, 1, 0, 0, 1, 0, 0, 0, 0, 1, 0, 0, 1, A, 1, I, 1, major, 0, A4
22, 0, 1, 0, 0, 1, 0, 0, 0, 0, 1, 0, 0, 1, A, 1, I, 1, major, 0, A4
23, 0, 1, 0, 0, 1, 0, 0, 0, 0, 1, 0, 0, 1, A, 1, I, 1, major, 0, A4
24, 0, 1, 0, 0, 1, 0, 0, 0, 0, 1, 0, 0, 1, A, 1, I, 1, major, 0, A4
25, 0, 0, 1, 0, 1, 0, 0, 0, 1, 0, 0, 1, 1, A, 1, V42, 5, major, 3, E5
26, 0, 1, 0, 0, 1, 0, 0, 0, 0, 1, 0, 0, 1, A, 1, I6, 1, major, 1, A5
27, 0, 0, 1, 0, 1, 0, 0, 0, 1, 0, 0, 1, 1, A, 1, V65, 5, major, 1, E6
28, 0, 1, 0, 0, 1, 0, 0, 0, 0, 1, 0, 0, 1, A, 1, I, 1, major, 0, A4
29, 0, 0, 1, 0, 1, 0, 0, 0, 1, 0, 0, 1, 1, A, 1, V7, 5, major, 0, E5
30, 0, 1, 0, 0, 1, 0, 0, 0, 0, 1, 0, 0, 1, A, 1, I, 1, major, 0, A4
30, 0, 0, 0, 0, 1, 0, 0, 0, 1, 0, 0, 1, 1, A, 1, V6, 5, major, 1, E6
30, 0, 1, 0, 0, 1, 0, 0, 0, 0, 1, 0, 0, 1, A, 1, I, 1, major, 0, A4
31, 0, 0, 1, 0, 0, 0, 1, 0, 0, 1, 0, 0, 1, A, 1, IV6, 4, major, 1, D6
31, 0, 1, 0, 0, 1, 0, 0, 0, 0, 1, 0, 0, 1, A, 1, I64, 1, major, 2, A5
31, 0, 0, 1, 0, 1, 0, 0, 0, 1, 0, 0, 1, 1, A, 1, V7, 5, major, 0, E5
32, 0, 1, 0, 0, 1, 0, 0, 0, 0, 1, 0, 0, 1, A, 1, I, 1, major, 0, A4
33, 0, 1, 0, 0, 1, 0, 0, 0, 0, 1, 0, 0, 1, A, 1, I, 1, major, 0, A4
34, 0, 0, 1, 0, 1, 0, 0, 0, 1, 0, 0, 1, 1, A, 1, V42, 5, major, 3, E5
35, 0, 0, 1, 0, 1, 0, 0, 0, 1, 0, 0, 1, 1, A, 1, V42, 5, major, 3, E5
36, 0, 1, 0, 0, 1, 0, 0, 0, 0, 1, 0, 0, 1, A, 1, I6, 1, major, 1, A5
37, 0, 1, 0, 0, 1, 0, 0, 0, 0, 1, 0, 0, 1, A, 1, I6, 1, major, 1, A5
38, 0, 1, 0, 0, 1, 0, 1, 0, 0, 0, 1, 0, 1, B, 1, V65, 5, major, 1, F#6
39, 0, 0, 0, 1, 0, 0, 0, 0, 1, 0, 0, 1, 1, B, 1, vi6, 6, minor, 1, G#5
40, 0, 1, 0, 0, 1, 0, 0, 0, 1, 0, 0, 0, 1, B, 1, ii6, 2, minor, 1, C#6
41, 0, 1, 0, 0, 1, 0, 1, 0, 0, 0, 1, 0, 1, B, 1, V7, 5, major, 0, F#5
42, 0, 0, 0, 1, 0, 0, 1, 0, 0, 0, 0, 1, 1, B, 1, I, 1, major, 0, B4
42, 0, 0, 0, 1, 0, 0, 1, 0, 0, 1, 0, 1, 2, E, 1, V7/IV, 5, major, 0, B4, B, 1, IV, 4, major, 0, E5
43, 0, 0, 0, 0, 1, 0, 0, 0, 1, 0, 0, 1, 1, B, 1, IV6, 4, major, 1, E6
43, 0, 1, 0, 0, 1, 0, 1, 0, 0, 0, 1, 0, 1, B, 1, V42, 5, major, 3, F#5
44, 0, 0, 0, 1, 0, 0, 1, 0, 0, 0, 0, 1, 1, B, 1, I, 1, major, 0, B4
44, 0, 0, 0, 1, 0, 0, 1, 0, 0, 1, 0, 1, 2, E, 1, V7/IV, 5, major, 0, B4, B, 1, IV, 4, major, 0, E5
45, 0, 0, 0, 0, 1, 0, 0, 0, 1, 0, 0, 1, 1, B, 1, IV6, 4, major, 1, E6
45, 0, 1, 0, 0, 1, 0, 1, 0, 0, 0, 1, 0, 1, B, 1, V42, 5, major, 3, F#5
46, 0, 0, 0, 1, 0, 0, 1, 0, 0, 0, 0, 1, 1, B, 1, I, 1, major, 0, B4
47, 0, 0, 0, 1, 0, 0, 1, 0, 0, 0, 0, 1, 1, B, 1, I, 1, major, 0, B4
48, 0, 0, 0, 1, 0, 0, 1, 0, 0, 0, 0, 1, 1, B, 1, I, 1, major, 0, B4
49, 0, 0, 0, 1, 0, 0, 1, 0, 0, 0, 0, 1, 1, B, 1, I, 1, major, 0, B4
50, 0, 0, 0, 1, 0, 0, 1, 0, 0, 1, 0, 1, 1, E, 0, V42, 5, major, 3, B4
51, 0, 0, 0, 1, 0, 0, 1, 0, 0, 1, 0, 1, 1, E, 0, V42, 5, major, 3, B4
52, 0, 0, 0, 0, 1, 0, 0, 1, 0, 0, 0, 1, 1, E, 0, i6, 1, minor, 1, E5
53, 0, 0, 0, 0, 1, 0, 0, 1, 0, 0, 0, 1, 1, E, 0, i6, 1, minor, 1, E5
54, 1, 0, 0, 1, 0, 0, 1, 0, 0, 1, 0, 0, 1, E, 0, viio7, 7, diminished, 0, D#5
55, 1, 0, 0, 1, 0, 0, 1, 0, 0, 1, 0, 0, 1, E, 0, viio7, 7, diminished, 0, D#5
56, 1, 0, 0, 1, 0, 0, 1, 0, 0, 1, 0, 0, 1, E, 0, viio7, 7, diminished, 0, D#5
57, 0, 0, 0, 1, 0, 0, 1, 0, 0, 1, 0, 1, 1, E, 0, V65, 5, major, 1, B5
58, 0, 0, 0, 0, 1, 0, 0, 1, 0, 0, 0, 1, 1, E, 0, i, 1, minor, 0, E4
59, 0, 0, 0, 0, 1, 0, 0, 1, 0, 0, 0, 1, 1, E, 0, i, 1, minor, 0, E4
60, 1, 0, 0, 1, 0, 0, 1, 0, 0, 1, 0, 0, 1, E, 0, viio65, 7, diminished, 1, D#5
61, 1, 0, 0, 1, 0, 0, 1, 0, 0, 1, 0, 0, 1, E, 0, viio65, 7, diminished, 1, D#5
61, 1, 0, 1, 0, 0, 0, 1, 0, 0, 1, 0, 0, 1, G, 1, V65, 5, major, 1, D6
62, 0, 0, 1, 0, 0, 0, 0, 1, 0, 0, 0, 1, 1, G, 1, I, 1, major, 0, G4
63, 0, 0, 1, 0, 0, 0, 0, 1, 0, 0, 0, 1, 1, G, 1, I, 1, major, 0, G4
64, 1, 0, 0, 1, 0, 0, 1, 0, 0, 1, 0, 0, 1, G, 1, viio65, 7, diminished, 1, F#5
65, 1, 0, 0, 1, 0, 0, 1, 0, 0, 1, 0, 0, 1, G, 1, viio65, 7, diminished, 1, F#5
65, 1, 0, 0, 1, 0, 1, 0, 0, 0, 1, 0, 0, 1, Bb, 1, V65, 5, major, 1, F6
66, 0, 0, 1, 0, 0, 1, 0, 0, 0, 0, 1, 0, 1, Bb, 1, I, 1, major, 0, Bb4
67, 0, 0, 1, 0, 0, 1, 0, 0, 0, 0, 1, 0, 1, Bb, 1, I, 1, major, 0, Bb4
68, 1, 0, 0, 1, 0, 0, 1, 0, 0, 1, 0, 0, 2, G, 0, viio43/vi, 7, diminished, 2, F#5, Bb, 1, vi, 6, minor, 0, G5
69, 0, 1, 0, 0, 1, 0, 0, 1, 0, 1, 0, 0, 2, D, 0, V65/iii, 5, major, 1, A5, Bb, 1, iii, 3, minor, 0, D5
70, 1, 0, 1, 0, 0, 0, 1, 0, 0, 1, 0, 0, 2, G, 1, V7/III, 5, major, 0, D5, E, 0, III, 3, major, 0, G4
71, 0, 0, 0, 1, 0, 0, 1, 0, 0, 1, 0, 1, 1, E, 0, V7, 5, major, 0, B4
72, 0, 0, 1, 0, 1, 0, 0, 0, 1, 0, 0, 1, 2, A, 0, V7/iv, 5, major, 0, E5, E, 0, iv, 4, minor, 0, A4
73, 0, 1, 0, 0, 0, 1, 0, 0, 1, 0, 0, 1, 2, F#, 0, V65/ii, 5, major, 1, C#6, E, 0, ii, 2, minor, 0, F#4
74, 0, 1, 0, 0, 1, 0, 1, 0, 0, 1, 0, 0, 1, E, 0, iihalfdim7, 2, minor, 0, F#4
75, 1, 0, 0, 1, 0, 0, 1, 0, 0, 1, 0, 0, 1, E, 0, viio65, 7, diminished, 1, D#5
76, 1, 0, 0, 1, 0, 0, 1, 0, 0, 1, 0, 0, 1, E, 0, viio65, 7, diminished, 1, D#5
77, 1, 0, 0, 1, 0, 0, 1, 0, 0, 1, 0, 0, 1, E, 0, viio65, 7, diminished, 1, D#5
78, 1, 0, 0, 1, 0, 0, 1, 0, 0, 1, 0, 0, 1, E, 0, viio65, 7, diminished, 1, D#5
79, 1, 0, 0, 1, 0, 0, 1, 0, 0, 1, 0, 0, 1, E, 0, viio65, 7, diminished, 1, D#5
80, 1, 0, 0, 1, 0, 0, 1, 0, 0, 1, 0, 0, 1, E, 0, viio65, 7, diminished, 1, D#5
81, 1, 0, 0, 1, 0, 0, 1, 0, 0, 1, 0, 0, 1, E, 0, viio65, 7, diminished, 1, D#5
82, 1, 0, 0, 1, 0, 0, 1, 0, 0, 1, 0, 0, 1, E, 0, viio65, 7, diminished, 1, D#5
83, 1, 0, 0, 1, 0, 0, 1, 0, 0, 1, 0, 0, 1, E, 0, viio65, 7, diminished, 1, D#5
84, 0, 0, 0, 1, 0, 0, 1, 0, 0, 0, 0, 1, 1, E, 0, V, 5, major, 0, B4
84, 0, 0, 0, 0, 1, 0, 0, 0, 1, 0, 0, 1, 1, E, 1, I6, 1, major, 1, E5
85, 0, 0, 0, 0, 1, 0, 0, 0, 1, 0, 0, 1, 1, E, 1, I6, 1, major, 1, E5
86, 0, 1, 0, 0, 1, 0, 1, 0, 0, 0, 1, 0, 2, B, 1, V65/V, 5, major, 1, F#6, E, 1, V, 5, major, 0, B4
87, 0, 0, 0, 1, 0, 0, 1, 0, 0, 1, 0, 1, 1, E, 1, V7, 5, major, 0, B4
88, 0, 0, 0, 0, 1, 0, 0, 0, 1, 0, 0, 1, 1, E, 1, I, 1, major, 0, E4
89, 0, 0, 0, 0, 1, 0, 0, 0, 1, 0, 0, 1, 1, E, 1, I, 1, major, 0, E4
90, 0, 1, 0, 0, 1, 0, 1, 0, 0, 0, 1, 0, 2, B, 1, V65/V, 5, major, 1, F#6, E, 1, V, 5, major, 0, B4
91, 0, 0, 0, 1, 0, 0, 1, 0, 0, 1, 0, 1, 1, E, 1, V7, 5, major, 0, B4
92, 0, 0, 0, 0, 1, 0, 0, 0, 1, 0, 0, 1, 1, E, 1, I, 1, major, 0, E4
93, 0, 0, 0, 0, 1, 0, 0, 0, 1, 0, 0, 1, 1, E, 1, I, 1, major, 0, E4
94, 0, 0, 0, 1, 0, 0, 1, 0, 0, 1, 0, 1, 1, E, 1, V7, 5, major, 0, B4
95, 0, 0, 0, 1, 0, 0, 1, 0, 0, 1, 0, 1, 1, E, 1, V7, 5, major, 0, B4
96, 0, 0, 0, 0, 1, 0, 0, 0, 1, 0, 0, 1, 1, E, 1, I, 1, major, 0, E4
97, 0, 0, 0, 0, 1, 0, 0, 0, 1, 0, 0, 1, 1, E, 1, I, 1, major, 0, E4
98, 0, 0, 0, 1, 0, 0, 1, 0, 0, 1, 0, 1, 1, E, 1, V42, 5, major, 3, B4
99, 0, 0, 0, 1, 0, 0, 0, 0, 1, 0, 0, 1, 1, E, 1, iii6, 3, minor, 1, G#5
100, 0, 1, 0, 0, 1, 0, 0, 0, 1, 0, 0, 0, 1, E, 1, vi6, 6, minor, 1, C#5
101, 0, 1, 0, 0, 0, 0, 1, 0, 0, 1, 0, 0, 1, E, 1, ii6, 2, minor, 1, F#5
102, 0, 1, 0, 0, 1, 0, 0, 0, 0, 1, 0, 0, 1, E, 1, IV, 4, major, 0, A4
103, 0, 0, 0, 1, 0, 0, 1, 0, 0, 0, 0, 1, 1, E, 1, V, 5, major, 0, B4
104, 0, 0, 0, 0, 1, 0, 0, 0, 1, 0, 0, 1, 1, E, 1, I, 1, major, 0, E4
105, 0, 0, 0, 1, 0, 0, 1, 0, 0, 1, 0, 1, 1, E, 1, V7, 5, major, 0, B4
106, 0, 0, 0, 0, 1, 0, 0, 0, 1, 0, 0, 1, 1, E, 1, I, 1, major, 0, E4
107, 0, 0, 0, 1, 0, 0, 1, 0, 0, 1, 0, 1, 1, E, 1, V7, 5, major, 0, B4
108, 0, 0, 0, 0, 1, 0, 0, 0, 1, 0, 0, 1, 1, E, 1, I, 1, major, 0, E4
109, 0, 0, 0, 1, 0, 0, 1, 0, 0, 1, 0, 1, 1, E, 1, V7, 5, major, 0, B4
110, 0, 0, 0, 0, 1, 0, 0, 0, 1, 0, 0, 1, 1, E, 1, I, 1, major, 0, E4
111, 0, 0, 0, 1, 0, 0, 1, 0, 0, 1, 0, 1, 1, E, 1, V7, 5, major, 0, B4
112, 0, 0, 0, 0, 1, 0, 0, 0, 1, 0, 0, 1, 1, E, 1, I, 1, major, 0, E4
113, 0, 0, 0, 0, 1, 0, 0, 0, 1, 0, 0, 1, 1, E, 1, I, 1, major, 0, E4
114, 0, 0, 0, 0, 1, 0, 0, 0, 1, 0, 0, 1, 1, E, 1, I, 1, major, 0, E4
115, 0, 0, 0, 0, 1, 0, 0, 0, 1, 0, 0, 1, 1, E, 1, I, 1, major, 0, E4
116, 0, 0, 0, 0, 1, 0, 0, 0, 1, 0, 0, 1, 1, E, 1, I, 1, major, 0, E4
117, 0, 0, 0, 0, 1, 0, 0, 0, 1, 0, 0, 1, 1, E, 1, I, 1, major, 0, E4
118, 0, 0, 0, 0, 1, 0, 0, 0, 1, 0, 0, 1, 1, E, 1, I, 1, major, 0, E4
119, 0, 0, 0, 0, 1, 0, 0, 1, 0, 0, 0, 1, 1, E, 0, i, 1, minor, 0, E4
120, 0, 0, 0, 0, 1, 0, 0, 1, 0, 0, 0, 1, 1, E, 0, i, 1, minor, 0, E4
121, 0, 0, 0, 0, 1, 0, 0, 1, 0, 0, 0, 1, 1, E, 0, i, 1, minor, 0, E4
122, 0, 0, 0, 0, 1, 0, 0, 1, 0, 0, 0, 1, 1, E, 0, i, 1, minor, 0, E4
123, 1, 0, 0, 0, 1, 0, 0, 1, 0, 0, 0, 0, 1, C, 1, I, 1, major, 0, C4
123, 1, 0, 0, 0, 1, 0, 0, 1, 0, 0, 0, 0, 1, C, 1, I, 1, major, 0, C4
124, 1, 0, 0, 0, 1, 0, 0, 1, 0, 0, 0, 0, 1, C, 1, I, 1, major, 0, C4
125, 0, 0, 1, 0, 0, 1, 0, 0, 0, 1, 0, 0, 1, C, 1, ii, 2, minor, 0, D4
126, 0, 0, 1, 0, 0, 1, 0, 0, 0, 1, 0, 0, 1, C, 1, ii, 2, minor, 0, D4
127, 0, 0, 1, 0, 0, 1, 0, 1, 0, 0, 0, 1, 1, C, 1, V7, 5, major, 0, G4
128, 0, 0, 1, 0, 0, 1, 0, 1, 0, 0, 0, 1, 1, C, 1, V7, 5, major, 0, G4
129, 0, 0, 1, 0, 0, 1, 0, 1, 0, 0, 0, 1, 1, C, 1, V7, 5, major, 0, G4
130, 0, 0, 1, 0, 0, 1, 0, 1, 0, 0, 0, 1, 1, C, 1, V7, 5, major, 0, G4
131, 1, 0, 0, 1, 0, 0, 0, 0, 1, 0, 0, 0, 1, Ab, 1, I, 1, major, 0, Ab4
132, 1, 0, 0, 1, 0, 0, 0, 0, 1, 0, 0, 0, 1, Ab, 1, I, 1, major, 0, Ab4
133, 1, 0, 0, 1, 0, 0, 0, 0, 1, 0, 0, 0, 1, Ab, 1, I, 1, major, 0, Ab4
134, 1, 0, 0, 1, 0, 0, 0, 0, 1, 0, 0, 0, 1, Ab, 1, I, 1, major, 0, Ab4
135, 1, 0, 0, 1, 0, 0, 0, 0, 1, 0, 0, 0, 1, Ab, 1, I, 1, major, 0, Ab4
136, 1, 0, 0, 1, 0, 0, 0, 0, 1, 0, 0, 0, 1, Ab, 1, I, 1, major, 0, Ab4
137, 0, 1, 0, 1, 0, 0, 0, 1, 0, 0, 1, 0, 1, Ab, 1, V7, 5, major, 0, Eb5
138, 0, 1, 0, 1, 0, 0, 0, 1, 0, 0, 1, 0, 1, Ab, 1, V7, 5, major, 0, Eb5
139, 0, 1, 0, 1, 0, 0, 0, 1, 0, 0, 1, 0, 1, Ab, 1, V7, 5, major, 0, Eb5
140, 0, 1, 0, 1, 0, 0, 0, 1, 0, 0, 1, 0, 1, Ab, 1, V7, 5, major, 0, Eb5
141, 0, 1, 0, 1, 0, 0, 0, 1, 0, 0, 1, 0, 1, Ab, 1, V7, 5, major, 0, Eb5
142, 0, 1, 0, 1, 0, 0, 0, 1, 0, 0, 1, 0, 1, Ab, 1, V7, 5, major, 0, Eb5
143, 1, 0, 0, 0, 1, 0, 0, 1, 0, 0, 1, 0, 2, F, 0, V7/vi, 5, major, 0, C5, Ab, 1, vi, 6, minor, 0, F5
144, 1, 0, 0, 0, 1, 0, 0, 1, 0, 0, 1, 0, 2, F, 0, V7/vi, 5, major, 0, C5, Ab, 1, vi, 6, minor, 0, F5
145, 1, 0, 0, 0, 1, 0, 0, 1, 0, 0, 1, 0, 2, F, 0, V7/vi, 5, major, 0, C5, Ab, 1, vi, 6, minor, 0, F5
146, 1, 0, 0, 0, 1, 0, 0, 1, 0, 0, 1, 0, 2, F, 0, V7/vi, 5, major, 0, C5, Ab, 1, vi, 6, minor, 0, F5
147, 1, 0, 0, 0, 1, 0, 0, 1, 0, 0, 1, 0, 2, F, 0, V7/vi, 5, major, 0, C5, Ab, 1, vi, 6, minor, 0, F5
148, 1, 0, 0, 0, 1, 0, 0, 1, 0, 0, 1, 0, 2, F, 0, V7/vi, 5, major, 0, C5, Ab, 1, vi, 6, minor, 0, F5
149, 1, 0, 0, 0, 0, 1, 0, 0, 1, 0, 0, 0, 1, F, 0, i64, 1, minor, 2, F5
150, 1, 0, 0, 0, 0, 1, 0, 0, 1, 0, 0, 0, 1, F, 0, i64, 1, minor, 2, F5
151, 1, 0, 0, 0, 0, 1, 0, 0, 1, 0, 0, 0, 1, F, 0, i64, 1, minor, 2, F5
152, 1, 0, 0, 0, 0, 1, 0, 0, 1, 0, 0, 0, 1, F, 0, i64, 1, minor, 2, F5
153, 0, 0, 1, 0, 0, 1, 0, 0, 1, 0, 0, 1, 2, C, 1, viio43/V, 7, diminished, 2, B4, F, 0, V, 5, major, 0, C5
154, 0, 0, 1, 0, 0, 1, 0, 0, 1, 0, 0, 1, 2, C, 1, viio43/V, 7, diminished, 2, B4, F, 0, V, 5, major, 0, C5
155, 0, 0, 1, 0, 0, 1, 0, 0, 1, 0, 0, 1, 2, C, 1, viio43/V, 7, diminished, 2, B4, F, 0, V, 5, major, 0, C5
156, 0, 0, 1, 0, 0, 1, 0, 0, 1, 0, 0, 1, 2, C, 1, viio43/V, 7, diminished, 2, B4, F, 0, V, 5, major, 0, C5
157, 1, 0, 0, 0, 1, 0, 0, 1, 0, 0, 0, 0, 1, F, 0, V, 5, major, 0, C5
158, 1, 0, 0, 0, 1, 0, 0, 1, 0, 0, 0, 0, 1, F, 0, V, 5, major, 0, C5
159, 1, 0, 0, 0, 1, 0, 0, 1, 0, 0, 0, 0, 1, F, 0, V, 5, major, 0, C5
160, 1, 0, 0, 0, 0, 1, 0, 0, 0, 1, 0, 0, 1, F, 1, I, 1, major, 0, F4
161, 1, 0, 0, 0, 0, 1, 0, 0, 0, 1, 0, 0, 1, F, 1, I, 1, major, 0, F4
162, 1, 0, 0, 0, 0, 1, 0, 0, 0, 1, 0, 0, 1, F, 1, I, 1, major, 0, F4
163, 1, 0, 0, 0, 0, 1, 0, 0, 0, 1, 0, 0, 1, F, 1, I, 1, major, 0, F4
164, 1, 0, 0, 0, 1, 0, 0, 1, 0, 0, 1, 0, 1, F, 1, V7, 5, major, 0, C5
165, 1, 0, 0, 0, 0, 1, 0, 0, 0, 1, 0, 0, 1, F, 1, I, 1, major, 0, F4
166, 1, 0, 0, 0, 1, 0, 0, 1, 0, 0, 1, 0, 1, F, 1, V42, 5, major, 3, C5
167, 1, 0, 0, 0, 0, 1, 0, 0, 0, 1, 0, 0, 1, F, 1, I6, 1, major, 1, F5
168, 1, 0, 0, 0, 1, 0, 0, 1, 0, 0, 1, 0, 1, F, 1, V65, 5, major, 1, C6
169, 1, 0, 0, 0, 0, 1, 0, 0, 0, 1, 0, 0, 1, F, 1, I, 1, major, 0, F4
169, 0, 0, 1, 0, 0, 0, 0, 1, 0, 0, 1, 0, 1, F, 1, ii6, 2, minor, 1, G5
170, 1, 0, 0, 0, 0, 1, 0, 0, 0, 1, 0, 0, 1, F, 1, I64, 1, major, 2, F5
170, 1, 0, 0, 0, 1, 0, 0, 1, 0, 0, 1, 0, 1, F, 1, V7, 5, major, 0, C5
171, 1, 0, 0, 0, 0, 1, 0, 0, 0, 1, 0, 0, 1, F, 1, I, 1, major, 0, F4
172, 1, 0, 0, 0, 0, 1, 0, 0, 0, 1, 0, 0, 1, F, 1, I, 1, major, 0, F4
173, 1, 0, 0, 0, 1, 0, 0, 1, 0, 0, 1, 0, 1, F, 1, V42, 5, major, 3, C5
174, 1, 0, 0, 0, 0, 1, 0, 0, 0, 1, 0, 0, 1, F, 1, I6, 1, major, 1, F5
175, 1, 0, 0, 0, 1, 0, 0, 1, 0, 0, 1, 0, 1, F, 1, V65, 5, major, 1, C6
176, 1, 0, 0, 0, 0, 1, 0, 0, 0, 1, 0, 0, 1, F, 1, I, 1, major, 0, F4
177, 0, 1, 0, 0, 1, 0, 0, 1, 0, 1, 0, 0, 1, D, 0, V42, 5, major, 3, A4
178, 0, 0, 1, 0, 0, 1, 0, 0, 0, 1, 0, 0, 1, D, 0, i6, 1, minor, 1, D5
179, 0, 1, 0, 0, 1, 0, 0, 1, 0, 1, 0, 0, 1, D, 0, V65, 5, major, 1, A5
180, 0, 0, 1, 0, 0, 1, 0, 0, 0, 1, 0, 0, 1, D, 0, i, 1, minor, 0, D4
180, 0, 0, 0, 0, 1, 0, 0, 1, 0, 0, 1, 0, 1, D, 0, iio6, 2, diminished, 1, E5
181, 0, 0, 1, 0, 0, 1, 0, 0, 0, 1, 0, 0, 1, D, 0, i64, 1, minor, 2, D5
181, 0, 1, 0, 0, 1, 0, 0, 0, 0, 1, 0, 0, 1, D, 0, V, 5, major, 0, A4
182, 0, 0, 1, 0, 0, 1, 0, 0, 0, 1, 0, 0, 1, D, 0, i, 1, minor, 0, D4
183, 0, 0, 1, 0, 0, 1, 0, 0, 0, 1, 0, 0, 1, D, 0, i, 1, minor, 0, D4
184, 0, 0, 1, 0, 0, 0, 0, 1, 0, 0, 1, 0, 1, F, 1, ii, 2, minor, 0, G4
185, 0, 0, 1, 0, 0, 0, 0, 1, 0, 0, 1, 0, 1, F, 1, ii, 2, minor, 0, G4
186, 1, 0, 0, 0, 1, 0, 0, 1, 0, 0, 0, 0, 1, F, 1, V, 5, major, 0, C5
187, 1, 0, 0, 0, 1, 0, 0, 1, 0, 0, 0, 0, 1, F, 1, V, 5, major, 0, C5
188, 1, 0, 0, 0, 0, 1, 0, 0, 0, 1, 0, 0, 1, F, 1, I, 1, major, 0, F4
189, 1, 0, 0, 0, 0, 1, 0, 0, 0, 1, 0, 0, 1, F, 1, I, 1, major, 0, F4
190, 0, 1, 0, 0, 1, 0, 0, 1, 0, 0, 1, 0, 1, F, 1, viio65, 7, diminished, 1, E5
191, 1, 0, 0, 0, 0, 1, 0, 0, 0, 1, 0, 0, 1, F, 1, I6, 1, major, 1, F5
192, 0, 1, 0, 0, 1, 0, 0, 1, 0, 0, 1, 0, 1, D, 0, viio65, 7, diminished, 1, C#5
193, 0, 0, 1, 0, 0, 1, 0, 0, 0, 1, 0, 0, 1, D, 0, i, 1, minor, 0, D4
194, 0, 0, 1, 0, 0, 1, 0, 0, 0, 1, 0, 0, 1, D, 0, i, 1, minor, 0, D4
195, 0, 1, 0, 0, 1, 0, 0, 1, 0, 0, 1, 0, 1, D, 0, viio65, 7, diminished, 1, C#5
196, 0, 0, 1, 0, 0, 1, 0, 0, 0, 1, 0, 0, 1, D, 0, i6, 1, minor, 1, D5
197, 0, 0, 1, 0, 0, 1, 0, 0, 1, 0, 0, 1, 1, A, 0, viio42, 7, diminished, 3, G#5
198, 1, 0, 0, 0, 1, 0, 0, 0, 0, 1, 0, 0, 1, A, 0, i, 1, minor, 0, A4
199, 1, 0, 0, 0, 1, 0, 0, 0, 0, 1, 0, 0, 1, A, 0, i, 1, minor, 0, A4
200, 0, 0, 1, 0, 0, 1, 0, 0, 1, 0, 0, 1, 1, A, 0, viio65, 7, diminished, 1, G#5
201, 1, 0, 0, 0, 1, 0, 0, 0, 0, 1, 0, 0, 1, A, 0, i6, 1, minor, 1, A5
202, 1, 0, 0, 1, 0, 0, 1, 0, 0, 1, 0, 0, 2, E, 1, viio43/V, 7, diminished, 2, D#5, A, 0, V, 5, major, 0, E5
203, 0, 0, 0, 0, 1, 0, 0, 0, 1, 0, 0, 1, 1, A, 0, V, 5, major, 0, E5
204, 0, 0, 1, 0, 1, 0, 0, 0, 1, 0, 0, 1, 1, A, 0, V7, 5, major, 0, E5
205, 1, 0, 0, 0, 1, 0, 0, 0, 0, 1, 0, 0, 1, A, 0, i64, 1, minor, 2, A5
206, 0, 0, 1, 0, 1, 0, 0, 0, 1, 0, 0, 1, 1, A, 0, V7, 5, major, 0, E5
207, 0, 0, 0, 0, 1, 0, 0, 0, 1, 0, 0, 1, 1, A, 0, V, 5, major, 0, E5
208, 0, 0, 1, 0, 1, 0, 0, 0, 1, 0, 0, 1, 1, A, 0, V7, 5, major, 0, E5
209, 1, 0, 0, 0, 1, 0, 0, 0, 0, 1, 0, 0, 1, A, 0, i64, 1, minor, 2, A5
210, 0, 0, 1, 0, 1, 0, 0, 0, 1, 0, 0, 1, 1, A, 0, V7, 5, major, 0, E5
211, 0, 0, 0, 0, 1, 0, 0, 0, 1, 0, 0, 1, 1, A, 0, V, 5, major, 0, E5
212, 0, 0, 0, 0, 1, 0, 0, 0, 1, 0, 0, 1, 1, A, 0, V, 5, major, 0, E5
213, 0, 0, 1, 0, 0, 0, 1, 0, 0, 1, 0, 0, 1, A, 1, IV6, 4, major, 1, D6
214, 0, 0, 1, 0, 0, 0, 1, 0, 0, 1, 0, 0, 1, A, 1, IV6, 4, major, 1, D6
215, 0, 0, 1, 0, 1, 0, 0, 0, 1, 0, 0, 1, 1, A, 1, V7, 5, major, 0, E5
216, 0, 0, 1, 0, 1, 0, 0, 0, 1, 0, 0, 1, 1, A, 1, V7, 5, major, 0, E5
217, 0, 0, 1, 0, 1, 0, 0, 0, 1, 0, 0, 1, 1, A, 1, V7, 5, major, 0, E5
218, 0, 0, 1, 0, 1, 0, 0, 0, 1, 0, 0, 1, 1, A, 1, V7, 5, major, 0, E5
219, 0, 0, 1, 0, 1, 0, 0, 0, 1, 0, 0, 1, 1, A, 1, V7, 5, major, 0, E5
220, 0, 0, 1, 0, 1, 0, 0, 0, 1, 0, 0, 1, 1, A, 1, V7, 5, major, 0, E5
221, 0, 0, 1, 0, 1, 0, 0, 0, 1, 0, 0, 1, 1, A, 1, V7, 5, major, 0, E5
222, 0, 1, 0, 0, 0, 0, 1, 0, 0, 1, 0, 0, 1, A, 1, vi, 6, minor, 0, F#5
223, 0, 0, 0, 1, 0, 0, 1, 0, 0, 1, 0, 1, 2, E, 1, V65/V, 5, major, 1, B5, A, 1, V, 5, major, 0, E5
224, 0, 0, 1, 0, 1, 0, 0, 0, 1, 0, 0, 1, 1, A, 1, V7, 5, major, 0, E5
225, 0, 0, 1, 0, 1, 0, 0, 0, 1, 0, 0, 1, 1, A, 1, V7, 5, major, 0, E5
226, 0, 0, 1, 0, 1, 0, 0, 0, 1, 0, 0, 1, 1, A, 1, V7, 5, major, 0, E5
227, 0, 0, 1, 0, 1, 0, 0, 0, 1, 0, 0, 1, 1, A, 1, V7, 5, major, 0, E5
228, 0, 0, 1, 0, 1, 0, 0, 0, 1, 0, 0, 1, 1, A, 1, V7, 5, major, 0, E5
229, 0, 0, 1, 0, 1, 0, 0, 0, 1, 0, 0, 1, 1, A, 1, V7, 5, major, 0, E5
230, 0, 0, 1, 0, 1, 0, 0, 0, 1, 0, 0, 1, 1, A, 1, V7, 5, major, 0, E5
231, 0, 0, 1, 0, 1, 0, 0, 0, 1, 0, 0, 1, 1, A, 1, V7, 5, major, 0, E5
232, 0, 0, 1, 0, 1, 0, 0, 0, 1, 0, 0, 1, 1, A, 1, V7, 5, major, 0, E5
233, 0, 0, 1, 0, 1, 0, 0, 0, 1, 0, 0, 1, 1, A, 1, V7, 5, major, 0, E5
234, 0, 0, 1, 0, 1, 0, 0, 0, 1, 0, 0, 1, 1, A, 1, V7, 5, major, 0, E5
235, 0, 0, 1, 0, 1, 0, 0, 0, 1, 0, 0, 1, 1, A, 1, V7, 5, major, 0, E5
236, 0, 0, 1, 0, 1, 0, 0, 0, 1, 0, 0, 1, 1, A, 1, V7, 5, major, 0, E5
237, 0, 0, 1, 0, 1, 0, 0, 0, 1, 0, 0, 1, 1, A, 1, V7, 5, major, 0, E5
238, 0, 0, 1, 0, 1, 0, 0, 0, 1, 0, 0, 1, 1, A, 1, V7, 5, major, 0, E5
239, 0, 0, 1, 0, 1, 0, 0, 0, 1, 0, 0, 1, 1, A, 1, V7, 5, major, 0, E5
240, 0, 0, 1, 0, 1, 0, 0, 0, 1, 0, 0, 1, 1, A, 1, V7, 5, major, 0, E5
241, 0, 0, 1, 0, 1, 0, 0, 0, 1, 0, 0, 1, 1, A, 1, V7, 5, major, 0, E5
242, 0, 0, 1, 0, 1, 0, 0, 0, 1, 0, 0, 1, 1, A, 1, V7, 5, major, 0, E5
243, 0, 0, 1, 0, 1, 0, 0, 0, 1, 0, 0, 1, 1, A, 1, V7, 5, major, 0, E5
244, 0, 0, 1, 0, 1, 0, 0, 0, 1, 0, 0, 1, 1, A, 1, V7, 5, major, 0, E5
245, 0, 0, 1, 0, 1, 0, 0, 0, 1, 0, 0, 1, 1, A, 1, V7, 5, major, 0, E5
245, 0, 1, 0, 0, 1, 0, 0, 1, 0, 1, 0, 0, 2, D, 1, V43/IV, 5, major, 2, A4, A, 1, IV, 4, major, 0, D5
246, 0, 0, 1, 0, 0, 0, 1, 0, 0, 1, 0, 0, 1, A, 1, IV, 4, major, 0, D5
246, 0, 1, 0, 0, 1, 0, 0, 1, 0, 1, 0, 0, 2, D, 1, V43/IV, 5, major, 2, A4, A, 1, IV, 4, major, 0, D5
247, 0, 0, 1, 0, 0, 0, 1, 0, 0, 1, 0, 0, 1, A, 1, IV, 4, major, 0, D5
247, 0, 1, 0, 0, 1, 0, 0, 1, 0, 1, 0, 0, 2, D, 1, V43/IV, 5, major, 2, A4, A, 1, IV, 4, major, 0, D5
248, 0, 0, 1, 0, 0, 0, 1, 0, 0, 1, 0, 0, 1, A, 1, IV, 4, major, 0, D5
249, 0, 0, 1, 0, 0, 0, 1, 0, 0, 1, 0, 0, 1, A, 1, IV, 4, major, 0, D5
249, 0, 0, 1, 0, 1, 0, 0, 0, 1, 0, 0, 1, 1, A, 1, V43, 5, major, 2, E5
250, 0, 1, 0, 0, 1, 0, 0, 0, 0, 1, 0, 0, 1, A, 1, I, 1, major, 0, A4
250, 0, 0, 1, 0, 1, 0, 0, 0, 1, 0, 0, 1, 1, A, 1, V43, 5, major, 2, E5
251, 0, 1, 0, 0, 1, 0, 0, 0, 0, 1, 0, 0, 1, A, 1, I, 1, major, 0, A4
251, 0, 0, 1, 0, 1, 0, 0, 0, 1, 0, 0, 1, 1, A, 1, V43, 5, major, 2, E5
252, 0, 1, 0, 0, 1, 0, 0, 0, 0, 1, 0, 0, 1, A, 1, I, 1, major, 0, A4
253, 0, 1, 0, 0, 1, 0, 0, 0, 0, 1, 0, 0, 1, A, 1, I, 1, major, 0, A4
254, 0, 0, 1, 0, 1, 0, 0, 0, 1, 0, 0, 1, 1, A, 1, V42, 5, major, 3, E5
255, 0, 0, 1, 0, 1, 0, 0, 0, 1, 0, 0, 1, 1, A, 1, V42, 5, major, 3, E5
256, 0, 1, 0, 0, 1, 0, 0, 0, 0, 1, 0, 0, 1, A, 1, I, 1, major, 0, A4
257, 0, 1, 0, 0, 1, 0, 0, 0, 0, 1, 0, 0, 1, A, 1, I, 1, major, 0, A4
258, 0, 0, 1, 0, 1, 0, 0, 0, 1, 0, 0, 1, 1, A, 1, V42, 5, major, 3, E5
259, 0, 0, 1, 0, 1, 0, 0, 0, 1, 0, 0, 1, 1, A, 1, V42, 5, major, 3, E5
260, 0, 1, 0, 0, 1, 0, 0, 0, 0, 1, 0, 0, 1, A, 1, I6, 1, major, 1, A5
261, 0, 1, 0, 0, 1, 0, 0, 0, 0, 1, 0, 0, 1, A, 1, I6, 1, major, 1, A5
262, 0, 0, 1, 0, 1, 0, 0, 0, 1, 0, 0, 1, 1, A, 1, V7, 5, major, 0, E5
263, 0, 1, 0, 0, 1, 0, 0, 0, 0, 1, 0, 0, 1, A, 1, I64, 1, major, 2, A5
263, 0, 0, 0, 1, 0, 0, 1, 0, 0, 1, 0, 1, 2, E, 1, V42/V, 5, major, 3, B4, A, 1, V, 5, major, 0, E5
264, 0, 0, 1, 0, 1, 0, 0, 0, 1, 0, 0, 1, 1, A, 1, V7, 5, major, 0, E5
265, 0, 1, 0, 0, 1, 0, 0, 0, 0, 1, 0, 0, 1, A, 1, I64, 1, major, 2, A5
265, 0, 0, 0, 1, 0, 0, 1, 0, 0, 1, 0, 1, 2, E, 1, V42/V, 5, major, 3, B4, A, 1, V, 5, major, 0, E5
266, 0, 0, 0, 0, 1, 0, 0, 0, 1, 0, 0, 1, 1, A, 0, V, 5, major, 0, E5
267, 0, 0, 0, 0, 1, 0, 0, 0, 1, 0, 0, 1, 1, A, 0, V, 5, major, 0, E5
268, 0, 0, 0, 0, 1, 0, 0, 0, 1, 0, 0, 1, 1, A, 0, V, 5, major, 0, E5
269, 0, 0, 0, 0, 1, 0, 0, 0, 1, 0, 0, 1, 1, A, 0, V, 5, major, 0, E5
270, 0, 0, 1, 0, 1, 0, 0, 0, 1, 0, 0, 1, 1, A, 0, V42, 5, major, 3, E5
271, 0, 0, 1, 0, 1, 0, 0, 0, 1, 0, 0, 1, 1, A, 0, V42, 5, major, 3, E5
272, 1, 0, 0, 0, 1, 0, 0, 0, 0, 1, 0, 0, 1, A, 0, i6, 1, minor, 1, A5
273, 1, 0, 0, 0, 1, 0, 0, 0, 0, 1, 0, 0, 1, A, 0, i6, 1, minor, 1, A5
274, 0, 0, 1, 0, 0, 1, 0, 0, 1, 0, 0, 1, 1, A, 0, viio7, 7, diminished, 0, G#5
275, 0, 0, 1, 0, 0, 1, 0, 0, 1, 0, 0, 1, 1, A, 0, viio7, 7, diminished, 0, G#5
276, 0, 0, 1, 0, 0, 1, 0, 0, 1, 0, 0, 1, 1, A, 0, viio7, 7, diminished, 0, G#5
277, 0, 0, 1, 0, 1, 0, 0, 0, 1, 0, 0, 1, 1, A, 0, V65, 5, major, 1, E6
278, 1, 0, 0, 0, 1, 0, 0, 0, 0, 1, 0, 0, 1, A, 0, i, 1, minor, 0, A4
279, 1, 0, 0, 0, 1, 0, 0, 0, 0, 1, 0, 0, 1, A, 0, i, 1, minor, 0, A4
280, 0, 0, 1, 0, 0, 1, 0, 0, 1, 0, 0, 1, 1, A, 0, viio65, 7, diminished, 1, G#5
281, 0, 0, 1, 0, 0, 1, 0, 0, 1, 0, 0, 1, 1, A, 0, viio65, 7, diminished, 1, G#5
281, 0, 0, 1, 0, 0, 1, 0, 1, 0, 0, 0, 1, 1, C, 1, V65, 5, major, 1, G5
282, 1, 0, 0, 0, 1, 0, 0, 1, 0, 0, 0, 0, 1, C, 1, I, 1, major, 0, C4
283, 1, 0, 0, 0, 1, 0, 0, 1, 0, 0, 0, 0, 1, C, 1, I, 1, major, 0, C4
284, 0, 0, 1, 0, 0, 1, 0, 0, 1, 0, 0, 1, 1, C, 1, viio65, 7, diminished, 1, B4
285, 0, 0, 1, 0, 0, 1, 0, 0, 1, 0, 0, 1, 1, C, 1, viio65, 7, diminished, 1, B4
285, 0, 0, 1, 0, 0, 1, 0, 0, 1, 0, 1, 0, 1, Eb, 1, V65, 5, major, 1, Bb5
286, 0, 0, 0, 1, 0, 0, 0, 1, 0, 0, 1, 0, 1, Eb, 1, I, 1, major, 0, Eb4
287, 0, 0, 0, 1, 0, 0, 0, 1, 0, 0, 1, 0, 1, Eb, 1, I, 1, major, 0, Eb4
288, 0, 0, 1, 0, 0, 1, 0, 0, 1, 0, 0, 1, 2, C, 0, viio43/vi, 7, diminished, 2, B4, Eb, 1, vi, 6, minor, 0, C5
289, 1, 0, 1, 0, 0, 0, 1, 0, 0, 1, 0, 0, 2, G, 0, V65/iii, 5, major, 1, D6, Eb, 1, iii, 3, minor, 0, G4
290, 0, 0, 1, 0, 0, 1, 0, 1, 0, 0, 0, 1, 2, C, 1, V7/III, 5, major, 0, G4, A, 0, III, 3, major, 0, C5
291, 0, 0, 1, 0, 1, 0, 0, 0, 1, 0, 0, 1, 1, A, 0, V7, 5, major, 0, E5
292, 0, 1, 0, 0, 1, 0, 0, 1, 0, 1, 0, 0, 2, D, 0, V7/iv, 5, major, 0, A4, A, 0, iv, 4, minor, 0, D5
293, 0, 1, 0, 0, 1, 0, 1, 0, 0, 0, 1, 0, 2, B, 0, V65/ii, 5, major, 1, F#6, A, 0, ii, 2, minor, 0, B4
294, 0, 0, 1, 0, 0, 0, 1, 0, 0, 1, 0, 1, 1, A, 0, iihalfdim7, 2, minor, 0, B4
295, 0, 0, 1, 0, 0, 1, 0, 0, 1, 0, 0, 1, 1, A, 0, viio65, 7, diminished, 1, G#5
296, 0, 0, 1, 0, 0, 1, 0, 0, 1, 0, 0, 1, 1, A, 0, viio65, 7, diminished, 1, G#5
297, 0, 0, 1, 0, 0, 1, 0, 0, 1, 0, 0, 1, 1, A, 0, viio65, 7, diminished, 1, G#5
298, 0, 0, 1, 0, 0, 1, 0, 0, 1, 0, 0, 1, 1, A, 0, viio65, 7, diminished, 1, G#5
299, 0, 0, 1, 0, 0, 1, 0, 0, 1, 0, 0, 1, 1, A, 0, viio65, 7, diminished, 1, G#5
300, 0, 0, 1, 0, 0, 1, 0, 0, 1, 0, 0, 1, 1, A, 0, viio65, 7, diminished, 1, G#5
301, 0, 0, 1, 0, 0, 1, 0, 0, 1, 0, 0, 1, 1, A, 0, viio65, 7, diminished, 1, G#5
302, 0, 0, 1, 0, 0, 1, 0, 0, 1, 0, 0, 1, 1, A, 0, viio65, 7, diminished, 1, G#5
303, 0, 0, 1, 0, 0, 1, 0, 0, 1, 0, 0, 1, 1, A, 0, viio65, 7, diminished, 1, G#5
304, 0, 0, 0, 0, 1, 0, 0, 0, 1, 0, 0, 1, 1, A, 0, V, 5, major, 0, E5
304, 0, 1, 0, 0, 1, 0, 0, 0, 0, 1, 0, 0, 1, A, 1, I6, 1, major, 1, A5
305, 0, 1, 0, 0, 1, 0, 0, 0, 0, 1, 0, 0, 1, A, 1, I6, 1, major, 1, A5
306, 0, 0, 0, 1, 0, 0, 1, 0, 0, 1, 0, 1, 2, E, 1, V43/V, 5, major, 2, B4, A, 1, V, 5, major, 0, E5
307, 0, 0, 1, 0, 1, 0, 0, 0, 1, 0, 0, 1, 1, A, 1, V7, 5, major, 0, E5
308, 0, 1, 0, 0, 1, 0, 0, 0, 0, 1, 0, 0, 1, A, 1, I, 1, major, 0, A4
309, 0, 1, 0, 0, 1, 0, 0, 0, 0, 1, 0, 0, 1, A, 1, I, 1, major, 0, A4
310, 0, 0, 0, 1, 0, 0, 1, 0, 0, 1, 0, 1, 2, E, 1, V43/V, 5, major, 2, B4, A, 1, V, 5, major, 0, E5
311, 0, 0, 1, 0, 1, 0, 0, 0, 1, 0, 0, 1, 1, A, 1, V7, 5, major, 0, E5
312, 0, 1, 0, 0, 1, 0, 0, 0, 0, 1, 0, 0, 1, A, 1, I, 1, major, 0, A4
313, 0, 1, 0, 0, 1, 0, 0, 0, 0, 1, 0, 0, 1, A, 1, I, 1, major, 0, A4
314, 0, 0, 1, 0, 1, 0, 0, 0, 1, 0, 0, 1, 1, A, 1, V7, 5, major, 0, E5
315, 0, 0, 1, 0, 1, 0, 0, 0, 1, 0, 0, 1, 1, A, 1, V7, 5, major, 0, E5
316, 0, 1, 0, 0, 1, 0, 0, 0, 0, 1, 0, 0, 1, A, 1, I, 1, major, 0, A4
317, 0, 1, 0, 0, 1, 0, 0, 0, 0, 1, 0, 0, 1, A, 1, I, 1, major, 0, A4
318, 0, 0, 1, 0, 1, 0, 0, 0, 1, 0, 0, 1, 1, A, 1, V42, 5, major, 3, E5
319, 0, 0, 1, 0, 1, 0, 0, 0, 1, 0, 0, 1, 1, A, 1, V42, 5, major, 3, E5
320, 0, 1, 0, 0, 1, 0, 0, 0, 0, 1, 0, 0, 1, A, 1, I6, 1, major, 1, A5
321, 0, 1, 0, 0, 1, 0, 0, 0, 0, 1, 0, 0, 1, A, 1, I6, 1, major, 1, A5
322, 0, 0, 1, 0, 0, 0, 1, 0, 0, 1, 0, 0, 1, A, 1, IV, 4, major, 0, D5
323, 0, 0, 0, 0, 1, 0, 0, 0, 1, 0, 0, 1, 1, A, 1, V, 5, major, 0, E5
324, 0, 1, 0, 0, 1, 0, 0, 0, 0, 1, 0, 0, 1, A, 1, I, 1, major, 0, A4
325, 0, 0, 1, 0, 0, 0, 1, 0, 0, 1, 0, 0, 1, A, 1, IV6, 4, major, 1, D6
326, 0, 1, 0, 0, 1, 0, 0, 0, 0, 1, 0, 0, 1, A, 1, I, 1, major, 0, A4
327, 0, 0, 1, 0, 1, 0, 0, 0, 1, 0, 0, 1, 1, A, 1, V7, 5, major, 0, E5
328, 0, 1, 0, 0, 1, 0, 0, 0, 0, 1, 0, 0, 1, A, 1, I, 1, major, 0, A4
329, 0, 0, 1, 0, 1, 0, 0, 0, 1, 0, 0, 1, 1, A, 1, V65, 5, major, 1, E6
330, 0, 1, 0, 0, 1, 0, 0, 0, 0, 1, 0, 0, 1, A, 1, I, 1, major, 0, A4
331, 0, 0, 1, 0, 1, 0, 0, 0, 1, 0, 0, 1, 1, A, 1, V7, 5, major, 0, E5
332, 0, 1, 0, 0, 1, 0, 0, 0, 0, 1, 0, 0, 1, A, 1, I, 1, major, 0, A4
