1, 1, 0, 0, 0, 1, 0, 0, 1, 0, 0, 0, 0, 1, C, 1, I, 1, major, 0, C4
2, 0, 0, 1, 0, 0, 0, 0, 1, 0, 0, 0, 1, 1, C, 1, V, 5, major, 0, G4
3, 0, 0, 1, 0, 0, 1, 0, 1, 0, 0, 0, 1, 1, C, 1, V7, 5, major, 0, G4
4, 1, 0, 0, 0, 1, 0, 0, 1, 0, 0, 0, 0, 1, C, 1, I, 1, major, 0, C4
5, 1, 0, 0, 0, 1, 0, 0, 1, 0, 0, 0, 0, 1, C, 1, I, 1, major, 0, C4
5, 0, 0, 1, 0, 0, 1, 0, 1, 0, 0, 0, 1, 1, C, 1, V7, 5, major, 0, G4
6, 1, 0, 0, 0, 1, 0, 0, 1, 0, 0, 0, 0, 1, C, 1, I, 1, major, 0, C4
6, 0, 0, 1, 0, 0, 1, 0, 1, 0, 0, 0, 1, 1, C, 1, V7, 5, major, 0, G4
7, 1, 0, 0, 0, 1, 0, 0, 1, 0, 0, 0, 0, 1, C, 1, I, 1, major, 0, C4
7, 1, 0, 1, 0, 0, 1, 0, 0, 0, 1, 0, 0, 1, C, 1, ii7, 2, minor, 0, D4
8, 0, 0, 1, 0, 0, 0, 0, 1, 0, 0, 0, 1, 1, C, 1, V, 5, major, 0, G4
8, 1, 0, 0, 0, 1, 0, 0, 1, 0, 0, 0, 0, 1, C, 1, I, 1, major, 0, C4
9, 1, 0, 0, 0, 1, 0, 0, 1, 0, 0, 0, 0, 1, C, 1, I, 1, major, 0, C4
9, 0, 0, 1, 0, 0, 1, 0, 1, 0, 0, 0, 1, 1, C, 1, V65, 5, major, 1, G5
10, 1, 0, 0, 0, 1, 0, 0, 1, 0, 0, 0, 0, 1, C, 1, I, 1, major, 0, C4
10, 0, 0, 1, 0, 0, 1, 0, 1, 0, 0, 0, 1, 1, C, 1, V65, 5, major, 1, G5
11, 1, 0, 0, 0, 1, 0, 0, 1, 0, 0, 0, 0, 1, C, 1, I, 1, major, 0, C4
11, 0, 1, 0, 0, 1, 0, 1, 0, 0, 1, 0, 0, 2, G, 1, viihalfdim7/V, 7, minor, 0, F#5, C, 1, V, 5, major, 0, G4
12, 1, 0, 0, 0, 1, 0, 0, 1, 0, 0, 0, 0, 1, C, 1, I64, 1, major, 2, C5
12, 0, 0, 1, 0, 0, 1, 0, 1, 0, 0, 0, 1, 1, C, 1, V7, 5, major, 0, G4
13, 1, 0, 0, 0, 1, 0, 0, 1, 0, 0, 0, 0, 1, C, 1, I, 1, major, 0, C4
14, 1, 0, 0, 0, 1, 0, 0, 1, 0, 0, 0, 0, 1, C, 1, I, 1, major, 0, C4
15, 1, 0, 0, 0, 1, 0, 0, 1, 0, 0, 0, 0, 1, C, 1, I, 1, major, 0, C4
16, 1, 0, 0, 0, 0, 1, 0, 0, 0, 1, 0, 0, 1, C, 1, IV, 4, major, 0, F4
16, 0, 0, 1, 0, 0, 1, 0, 1, 0, 0, 0, 1, 1, C, 1, V7, 5, major, 0, G4
17, 1, 0, 0, 0, 1, 0, 0, 1, 0, 0, 0, 0, 1, C, 1, I, 1, major, 0, C4
18, 1, 0, 0, 0, 1, 0, 0, 1, 0, 0, 0, 0, 1, C, 1, I, 1, major, 0, C4
19, 1, 0, 0, 0, 1, 0, 0, 0, 0, 1, 0, 0, 1, C, 1, vi, 6, minor, 0, A4
19, 0, 1, 0, 0, 1, 0, 0, 1, 0, 1, 0, 0, 2, D, 0, V7/ii, 5, major, 0, A4, C, 1, ii, 2, minor, 0, D4
20, 0, 0, 1, 0, 0, 1, 0, 0, 0, 1, 0, 0, 1, C, 1, ii, 2, minor, 0, D4
20, 1, 0, 1, 0, 0, 0, 1, 0, 0, 1, 0, 0, 2, G, 1, V65/V, 5, major, 1, D6, C, 1, V, 5, major, 0, G4
21, 0, 0, 1, 0, 0, 1, 0, 1, 0, 0, 0, 1, 1, C, 1, V7, 5, major, 0, G4
22, 1, 0, 0, 0, 1, 0, 0, 1, 0, 0, 0, 0, 1, C, 1, I, 1, major, 0, C4
22, 0, 0, 1, 0, 0, 1, 0, 1, 0, 0, 0, 1, 1, C, 1, V65, 5, major, 1, G5
22, 1, 0, 0, 0, 1, 0, 0, 1, 0, 0, 0, 0, 1, C, 1, I, 1, major, 0, C4
23, 0, 0, 1, 0, 0, 1, 0, 1, 0, 0, 0, 1, 1, C, 1, V7, 5, major, 0, G4
24, 1, 0, 0, 0, 1, 0, 0, 1, 0, 0, 0, 0, 1, C, 1, I, 1, major, 0, C4
24, 0, 0, 1, 0, 0, 1, 0, 1, 0, 0, 0, 1, 1, C, 1, V65, 5, major, 1, G5
24, 1, 0, 0, 0, 1, 0, 0, 1, 0, 0, 0, 0, 1, C, 1, I, 1, major, 0, C4
25, 0, 0, 1, 0, 0, 0, 0, 1, 0, 0, 0, 1, 1, C, 1, V, 5, major, 0, G4
26, 0, 0, 1, 0, 0, 0, 0, 1, 0, 0, 0, 1, 1, C, 1, V, 5, major, 0, G4
27, 0, 0, 1, 0, 0, 0, 0, 1, 0, 0, 1, 0, 1, G, 0, i, 1, minor, 0, G4
28, 0, 1, 0, 0, 1, 0, 0, 1, 0, 1, 0, 0, 2, D, 1, V42/V, 5, major, 3, A4, G, 0, V, 5, major, 0, D5
29, 1, 0, 1, 0, 0, 0, 1, 0, 0, 1, 0, 0, 1, G, 0, V65, 5, major, 1, D6
30, 0, 0, 1, 0, 0, 1, 0, 1, 0, 0, 0, 1, 2, C, 0, V42/iv, 5, major, 3, G4, G, 0, iv, 4, minor, 0, C5
31, 1, 0, 0, 1, 0, 0, 0, 1, 0, 0, 0, 0, 1, G, 0, iv6, 4, minor, 1, C6
31, 0, 0, 1, 0, 0, 0, 0, 1, 0, 0, 1, 0, 1, G, 0, i64, 1, minor, 2, G5
32, 0, 1, 0, 0, 1, 0, 0, 1, 0, 1, 0, 0, 1, D, 0, V65, 5, major, 1, A5
33, 0, 0, 1, 0, 0, 1, 0, 0, 0, 1, 0, 0, 1, D, 0, i, 1, minor, 0, D4
34, 0, 0, 1, 0, 1, 0, 0, 0, 1, 0, 0, 1, 2, A, 1, V42/V, 5, major, 3, E5, D, 0, V, 5, major, 0, A4
35, 0, 1, 0, 0, 1, 0, 0, 1, 0, 1, 0, 0, 1, D, 0, V65, 5, major, 1, A5
36, 1, 0, 1, 0, 0, 0, 1, 0, 0, 1, 0, 0, 2, G, 0, V42/iv, 5, major, 3, D5, D, 0, iv, 4, minor, 0, G4
37, 0, 0, 1, 0, 0, 0, 0, 1, 0, 0, 1, 0, 1, D, 0, iv6, 4, minor, 1, G5
37, 0, 0, 1, 0, 0, 1, 0, 0, 0, 1, 0, 0, 1, D, 0, i64, 1, minor, 2, D5
38, 0, 0, 1, 0, 1, 0, 0, 0, 1, 0, 0, 1, 1, A, 0, V65, 5, major, 1, E6
39, 1, 0, 0, 0, 1, 0, 0, 0, 0, 1, 0, 0, 1, A, 0, i, 1, minor, 0, A4
39, 0, 0, 1, 0, 1, 0, 0, 0, 1, 0, 0, 1, 1, A, 0, V42, 5, major, 3, E5
40, 1, 0, 0, 0, 1, 0, 0, 0, 0, 1, 0, 0, 1, A, 0, i, 1, minor, 0, A4
40, 1, 0, 1, 0, 0, 0, 1, 0, 0, 1, 0, 0, 1, G, 0, V7, 5, major, 0, D5
41, 0, 0, 1, 0, 0, 0, 0, 1, 0, 0, 1, 0, 1, G, 0, i, 1, minor, 0, G4
41, 1, 0, 1, 0, 0, 0, 1, 0, 0, 1, 0, 0, 1, G, 0, V42, 5, major, 3, D5
42, 0, 0, 1, 0, 0, 0, 0, 1, 0, 0, 1, 0, 1, G, 0, i, 1, minor, 0, G4
42, 0, 1, 0, 1, 0, 0, 0, 1, 0, 0, 0, 0, 1, G, 0, It6, 4, other, 1, C#6
43, 0, 0, 1, 0, 0, 0, 1, 0, 0, 1, 0, 0, 1, G, 1, V, 5, major, 0, D5
43, 0, 1, 0, 0, 1, 0, 0, 1, 0, 1, 0, 0, 2, D, 1, V42/V, 5, major, 3, A4, G, 1, V, 5, major, 0, D5
44, 0, 0, 1, 0, 0, 0, 1, 0, 0, 1, 0, 0, 1, G, 1, V, 5, major, 0, D5
44, 0, 1, 0, 0, 1, 0, 0, 1, 0, 1, 0, 0, 2, D, 1, V42/V, 5, major, 3, A4, G, 1, V, 5, major, 0, D5
45, 0, 0, 1, 0, 0, 0, 1, 0, 0, 1, 0, 0, 1, G, 1, V, 5, major, 0, D5
46, 0, 0, 1, 0, 0, 0, 1, 0, 0, 1, 0, 0, 1, G, 1, V, 5, major, 0, D5
46, 1, 0, 1, 0, 0, 0, 1, 0, 0, 1, 0, 0, 1, G, 1, V7, 5, major, 0, D5
47, 0, 0, 1, 0, 0, 0, 0, 1, 0, 0, 0, 1, 1, G, 1, I, 1, major, 0, G4
48, 0, 0, 1, 0, 0, 0, 0, 1, 0, 0, 0, 1, 1, G, 1, I6, 1, major, 1, G5
49, 1, 0, 1, 0, 0, 0, 1, 0, 0, 1, 0, 0, 1, G, 1, V42, 5, major, 3, D5
50, 1, 0, 1, 0, 0, 0, 1, 0, 0, 1, 0, 0, 1, G, 1, V43, 5, major, 2, D5
51, 0, 0, 1, 0, 0, 0, 0, 1, 0, 0, 0, 1, 1, G, 1, I6, 1, major, 1, G5
52, 0, 0, 1, 0, 1, 0, 0, 1, 0, 0, 0, 1, 1, G, 1, vi65, 6, minor, 1, E5
53, 0, 1, 0, 0, 1, 0, 0, 1, 0, 1, 0, 0, 2, D, 1, V7/V, 5, major, 0, A4, G, 1, V, 5, major, 0, D5
54, 1, 0, 1, 0, 0, 0, 1, 0, 0, 1, 0, 0, 1, G, 1, V7, 5, major, 0, D5
55, 0, 0, 1, 0, 0, 0, 0, 1, 0, 0, 0, 1, 1, G, 1, I, 1, major, 0, G4
56, 0, 0, 1, 0, 0, 0, 0, 1, 0, 0, 0, 1, 1, G, 1, I6, 1, major, 1, G5
57, 1, 0, 1, 0, 0, 0, 1, 0, 0, 1, 0, 0, 1, G, 1, V43, 5, major, 2, D5
58, 1, 0, 1, 0, 0, 0, 1, 0, 0, 1, 0, 0, 1, G, 1, V42, 5, major, 3, D5
59, 0, 0, 1, 0, 0, 0, 0, 1, 0, 0, 0, 1, 1, G, 1, I6, 1, major, 1, G5
60, 0, 0, 1, 0, 0, 1, 0, 1, 0, 0, 0, 1, 1, C, 1, V7, 5, major, 0, G4
61, 1, 0, 0, 0, 1, 0, 0, 1, 0, 0, 0, 0, 1, C, 1, I, 1, major, 0, C4
62, 1, 0, 0, 0, 1, 0, 0, 1, 0, 0, 0, 0, 1, C, 1, I, 1, major, 0, C4
63, 1, 0, 1, 0, 0, 0, 1, 0, 0, 1, 0, 0, 1, G, 1, V42, 5, major, 3, D5
64, 1, 0, 1, 0, 0, 0, 1, 0, 0, 1, 0, 0, 1, G, 1, V42, 5, major, 3, D5
65, 0, 0, 1, 0, 0, 0, 0, 1, 0, 0, 0, 1, 1, G, 1, I6, 1, major, 1, G5
66, 0, 0, 1, 0, 0, 0, 0, 1, 0, 0, 0, 1, 1, G, 1, I6, 1, major, 1, G5
67, 0, 0, 1, 0, 0, 0, 0, 1, 0, 0, 0, 1, 1, G, 1, I, 1, major, 0, G4
68, 0, 0, 1, 0, 0, 0, 0, 1, 0, 0, 0, 1, 1, G, 1, I, 1, major, 0, G4
69, 0, 0, 1, 0, 0, 0, 0, 1, 0, 0, 0, 1, 1, G, 1, I6, 1, major, 1, G5
69, 1, 0, 1, 0, 0, 0, 1, 0, 0, 1, 0, 0, 1, G, 1, V43, 5, major, 2, D5
69, 0, 0, 1, 0, 0, 0, 0, 1, 0, 0, 0, 1, 1, G, 1, I, 1, major, 0, G4
69, 0, 0, 1, 0, 0, 0, 1, 0, 0, 1, 0, 0, 1, G, 1, V6, 5, major, 1, D6
70, 0, 0, 0, 0, 1, 0, 0, 1, 0, 0, 0, 1, 1, G, 1, vi, 6, minor, 0, E5
70, 0, 0, 1, 0, 0, 0, 1, 0, 0, 0, 0, 1, 1, G, 1, iii6, 3, minor, 1, B5
70, 1, 0, 0, 0, 1, 0, 0, 1, 0, 0, 0, 0, 1, G, 1, IV, 4, major, 0, C5
70, 0, 0, 1, 0, 0, 0, 0, 1, 0, 0, 0, 1, 1, G, 1, I6, 1, major, 1, G5
71, 1, 0, 0, 0, 1, 0, 0, 0, 0, 1, 0, 0, 1, G, 1, ii, 2, minor, 0, A4
71, 0, 0, 0, 0, 1, 0, 0, 1, 0, 0, 0, 1, 1, G, 1, vi6, 6, minor, 1, E5
71, 0, 0, 1, 0, 0, 0, 1, 0, 0, 1, 0, 0, 1, G, 1, V6, 5, major, 1, D6
71, 0, 1, 0, 0, 1, 0, 0, 1, 0, 0, 0, 0, 2, D, 1, viio6/V, 7, diminished, 1, C#5, G, 1, V, 5, major, 0, D5
72, 1, 0, 1, 0, 0, 0, 1, 0, 0, 1, 0, 0, 1, G, 1, V7, 5, major, 0, D5
73, 0, 0, 1, 0, 0, 0, 0, 1, 0, 0, 0, 1, 1, G, 1, I, 1, major, 0, G4
74, 0, 0, 0, 1, 0, 0, 0, 1, 0, 0, 0, 1, 1, G, 1, I+64, 1, augmented, 2, G5
75, 0, 0, 0, 0, 1, 0, 0, 1, 0, 0, 0, 1, 1, G, 1, vi, 6, minor, 0, E5
76, 1, 0, 0, 0, 1, 0, 0, 1, 0, 0, 0, 0, 1, G, 1, IV, 4, major, 0, C5
76, 0, 0, 1, 0, 0, 0, 1, 0, 0, 1, 0, 0, 1, G, 1, V, 5, major, 0, D5
77, 0, 0, 1, 0, 0, 0, 0, 1, 0, 0, 0, 1, 1, G, 1, I, 1, major, 0, G4
77, 1, 0, 0, 0, 1, 0, 0, 0, 0, 1, 0, 0, 1, G, 1, ii, 2, minor, 0, A4
78, 1, 0, 0, 0, 1, 0, 0, 0, 0, 1, 0, 0, 1, G, 1, ii, 2, minor, 0, A4
78, 1, 0, 1, 0, 0, 0, 1, 0, 0, 1, 0, 0, 1, G, 1, V7, 5, major, 0, D5
79, 0, 0, 1, 0, 0, 0, 0, 1, 0, 0, 0, 1, 1, G, 1, I, 1, major, 0, G4
79, 1, 0, 0, 0, 1, 0, 0, 0, 0, 1, 0, 0, 1, G, 1, ii, 2, minor, 0, A4
80, 1, 0, 0, 0, 1, 0, 0, 0, 0, 1, 0, 0, 1, G, 1, ii, 2, minor, 0, A4
80, 1, 0, 1, 0, 0, 0, 1, 0, 0, 1, 0, 0, 1, G, 1, V7, 5, major, 0, D5
81, 0, 0, 1, 0, 0, 0, 0, 1, 0, 0, 0, 1, 1, G, 1, I, 1, major, 0, G4
81, 1, 0, 0, 0, 1, 0, 0, 0, 0, 1, 0, 0, 1, G, 1, ii, 2, minor, 0, A4
82, 1, 0, 0, 0, 1, 0, 0, 0, 0, 1, 0, 0, 1, G, 1, ii, 2, minor, 0, A4
82, 0, 0, 1, 0, 0, 0, 1, 0, 0, 1, 0, 0, 1, G, 1, V, 5, major, 0, D5
83, 0, 0, 1, 0, 0, 0, 0, 1, 0, 0, 0, 1, 1, G, 1, I, 1, major, 0, G4
83, 0, 1, 0, 0, 1, 0, 0, 1, 0, 0, 0, 0, 2, D, 1, viio/V, 7, diminished, 0, C#5, G, 1, V, 5, major, 0, D5
84, 0, 0, 1, 0, 0, 0, 1, 0, 0, 1, 0, 0, 1, G, 1, V, 5, major, 0, D5
84, 1, 0, 1, 0, 0, 0, 1, 0, 0, 1, 0, 0, 1, G, 1, V7, 5, major, 0, D5
85, 0, 0, 1, 0, 0, 0, 0, 1, 0, 0, 0, 1, 1, G, 1, I, 1, major, 0, G4
86, 1, 0, 1, 0, 0, 0, 1, 0, 0, 1, 0, 0, 1, G, 1, V43, 5, major, 2, D5
87, 0, 0, 1, 0, 0, 0, 0, 1, 0, 0, 0, 1, 1, G, 1, I, 1, major, 0, G4
88, 0, 0, 1, 0, 0, 0, 1, 0, 0, 1, 0, 0, 1, G, 1, V6, 5, major, 1, D6
88, 1, 0, 1, 0, 0, 0, 1, 0, 0, 1, 0, 0, 1, G, 1, V7, 5, major, 0, D5
89, 0, 0, 1, 0, 0, 0, 0, 1, 0, 0, 0, 1, 1, G, 1, I, 1, major, 0, G4
89, 1, 0, 1, 0, 0, 0, 1, 0, 0, 1, 0, 0, 1, G, 1, V7, 5, major, 0, D5
90, 0, 0, 1, 0, 0, 0, 0, 1, 0, 0, 0, 1, 1, G, 1, I, 1, major, 0, G4
91, 0, 0, 1, 0, 0, 0, 0, 1, 0, 0, 0, 1, 1, G, 1, I, 1, major, 0, G4
92, 0, 0, 1, 0, 0, 0, 0, 1, 0, 0, 0, 1, 1, G, 1, I, 1, major, 0, G4
92, 0, 0, 1, 0, 0, 1, 0, 1, 0, 0, 0, 1, 1, C, 0, V42, 5, major, 3, G4
93, 1, 0, 0, 1, 0, 0, 0, 1, 0, 0, 0, 0, 1, C, 0, i6, 1, minor, 1, C5
93, 0, 0, 0, 0, 1, 0, 0, 1, 0, 0, 1, 0, 1, F, 0, viio, 7, diminished, 0, E5
94, 0, 0, 0, 0, 1, 0, 0, 1, 0, 0, 1, 0, 1, F, 0, viio, 7, diminished, 0, E5
94, 1, 0, 0, 0, 1, 0, 0, 1, 0, 0, 1, 0, 1, F, 0, V42, 5, major, 3, C5
95, 1, 0, 0, 0, 0, 1, 0, 0, 1, 0, 0, 0, 1, F, 0, i6, 1, minor, 1, F5
95, 1, 0, 0, 0, 0, 1, 0, 0, 1, 0, 0, 0, 1, F, 0, i, 1, minor, 0, F4
96, 1, 0, 0, 0, 0, 1, 0, 0, 1, 0, 0, 0, 1, F, 0, i, 1, minor, 0, F4
96, 0, 0, 1, 0, 0, 1, 0, 0, 0, 0, 1, 0, 2, Eb, 1, V/VII, 5, major, 0, Bb4, F, 0, VII, 7, major, 0, Eb5
97, 0, 0, 1, 0, 0, 1, 0, 0, 0, 0, 1, 0, 2, Eb, 1, V6/VII, 5, major, 1, Bb5, F, 0, VII, 7, major, 0, Eb5
97, 1, 0, 0, 0, 0, 1, 0, 0, 1, 0, 0, 0, 1, F, 0, i, 1, minor, 0, F4
98, 0, 0, 1, 0, 0, 1, 0, 0, 1, 0, 1, 0, 2, Eb, 1, V7/VII, 5, major, 0, Bb4, F, 0, VII, 7, major, 0, Eb5
99, 0, 0, 1, 0, 0, 1, 0, 0, 1, 0, 1, 0, 2, Eb, 1, V7/VII, 5, major, 0, Bb4, F, 0, VII, 7, major, 0, Eb5
100, 0, 0, 1, 0, 0, 1, 0, 0, 1, 0, 0, 1, 2, C, 1, viio7/V, 7, diminished, 0, B4, F, 0, V, 5, major, 0, C5
101, 0, 0, 1, 0, 0, 1, 0, 0, 1, 0, 0, 1, 2, C, 1, viio7/V, 7, diminished, 0, B4, F, 0, V, 5, major, 0, C5
102, 1, 0, 0, 0, 0, 1, 0, 0, 1, 0, 0, 0, 1, F, 0, i64, 1, minor, 2, F5
103, 1, 0, 0, 0, 0, 1, 0, 0, 1, 0, 0, 0, 1, F, 0, i64, 1, minor, 2, F5
104, 0, 1, 0, 0, 0, 1, 0, 0, 1, 0, 0, 1, 1, F#, 0, V7, 5, major, 0, C#5
105, 0, 1, 0, 0, 0, 1, 0, 0, 1, 0, 0, 1, 1, F#, 0, V7, 5, major, 0, C#5
106, 0, 1, 0, 0, 0, 0, 1, 0, 0, 1, 0, 0, 1, F#, 0, i64, 1, minor, 2, F#5
107, 0, 1, 0, 0, 0, 0, 1, 0, 0, 1, 0, 0, 1, F#, 0, i64, 1, minor, 2, F#5
108, 0, 1, 0, 0, 1, 0, 0, 1, 0, 1, 0, 0, 1, D, 1, V65, 5, major, 1, A5
109, 0, 1, 0, 0, 1, 0, 0, 1, 0, 1, 0, 0, 1, D, 1, V65, 5, major, 1, A5
110, 0, 0, 1, 0, 0, 0, 1, 0, 0, 1, 0, 0, 1, D, 1, I, 1, major, 0, D4
111, 0, 1, 0, 0, 1, 0, 0, 0, 0, 1, 0, 0, 1, D, 1, V, 5, major, 0, A4
112, 0, 1, 0, 0, 1, 0, 0, 1, 0, 1, 0, 0, 1, D, 1, V7, 5, major, 0, A4
113, 0, 0, 1, 0, 0, 0, 1, 0, 0, 1, 0, 0, 1, D, 1, I, 1, major, 0, D4
114, 1, 0, 1, 0, 0, 0, 1, 0, 0, 1, 0, 0, 1, G, 0, V7, 5, major, 0, D5
115, 1, 0, 1, 0, 0, 0, 1, 0, 0, 1, 0, 0, 1, G, 0, V7, 5, major, 0, D5
116, 1, 0, 1, 0, 0, 0, 1, 0, 0, 1, 0, 0, 1, G, 0, V7, 5, major, 0, D5
116, 1, 0, 0, 1, 0, 0, 0, 1, 0, 0, 0, 0, 1, G, 0, iv, 4, minor, 0, C5
117, 0, 0, 1, 0, 0, 0, 0, 1, 0, 0, 1, 0, 1, G, 0, i6, 1, minor, 1, G5
117, 1, 0, 1, 0, 0, 0, 1, 0, 0, 1, 0, 0, 1, G, 0, V43, 5, major, 2, D5
118, 0, 0, 1, 0, 0, 1, 0, 1, 0, 0, 0, 1, 1, C, 0, V7, 5, major, 0, G4
119, 0, 0, 1, 0, 0, 1, 0, 1, 0, 0, 0, 1, 1, C, 0, V7, 5, major, 0, G4
120, 0, 0, 1, 0, 0, 1, 0, 1, 0, 0, 0, 1, 1, C, 0, V7, 5, major, 0, G4
120, 1, 0, 0, 0, 0, 1, 0, 0, 1, 0, 0, 0, 1, C, 0, iv, 4, minor, 0, F4
121, 1, 0, 0, 1, 0, 0, 0, 1, 0, 0, 0, 0, 1, C, 0, i6, 1, minor, 1, C5
121, 0, 0, 1, 0, 0, 1, 0, 1, 0, 0, 0, 1, 1, C, 0, V43, 5, major, 2, G4
122, 1, 0, 0, 0, 1, 0, 0, 1, 0, 0, 1, 0, 1, F, 0, V7, 5, major, 0, C5
123, 1, 0, 0, 0, 1, 0, 0, 1, 0, 0, 1, 0, 1, F, 0, V7, 5, major, 0, C5
124, 1, 0, 0, 0, 1, 0, 0, 1, 0, 0, 1, 0, 1, F, 0, V7, 5, major, 0, C5
124, 0, 1, 0, 0, 0, 1, 0, 0, 0, 0, 1, 0, 1, F, 0, iv, 4, minor, 0, Bb4
125, 1, 0, 0, 0, 0, 1, 0, 0, 1, 0, 0, 0, 1, F, 0, i6, 1, minor, 1, F5
125, 1, 0, 0, 0, 1, 0, 0, 1, 0, 0, 1, 0, 1, F, 0, V43, 5, major, 2, C5
126, 1, 0, 0, 0, 0, 1, 0, 0, 1, 0, 0, 0, 1, C, 0, iv, 4, minor, 0, F4
126, 1, 0, 0, 1, 0, 0, 0, 1, 0, 0, 0, 0, 1, C, 0, i6, 1, minor, 1, C5
127, 0, 0, 1, 0, 0, 1, 0, 0, 1, 0, 0, 0, 1, C, 0, iio, 2, diminished, 0, D4
127, 1, 0, 0, 1, 0, 0, 0, 1, 0, 0, 0, 0, 1, C, 0, i, 1, minor, 0, C4
128, 1, 0, 1, 0, 0, 1, 0, 0, 0, 1, 0, 0, 1, C, 0, iihalfdim65, 2, minor, 1, D5
128, 1, 0, 0, 0, 1, 0, 0, 1, 0, 0, 0, 0, 2, F, 0, V64/iv, 5, major, 2, C5, C, 0, iv, 4, minor, 0, F4
129, 1, 0, 0, 0, 0, 1, 0, 0, 1, 0, 0, 0, 1, C, 0, iv6, 4, minor, 1, F5
129, 1, 0, 0, 1, 0, 0, 1, 0, 0, 1, 0, 0, 2, G, 1, viio7/V, 7, diminished, 0, F#5, C, 0, V, 5, major, 0, G4
130, 0, 0, 1, 0, 0, 0, 0, 1, 0, 0, 0, 1, 1, C, 0, V, 5, major, 0, G4
131, 1, 0, 1, 0, 0, 0, 1, 0, 0, 1, 0, 0, 2, G, 1, V7/V, 5, major, 0, D5, C, 0, V, 5, major, 0, G4
132, 0, 0, 1, 0, 0, 0, 0, 1, 0, 0, 0, 1, 1, C, 0, V, 5, major, 0, G4
133, 1, 0, 1, 0, 0, 0, 1, 0, 0, 1, 0, 0, 2, G, 1, V7/V, 5, major, 0, D5, C, 0, V, 5, major, 0, G4
134, 0, 0, 1, 0, 0, 0, 0, 1, 0, 0, 0, 1, 1, C, 0, V, 5, major, 0, G4
135, 1, 0, 1, 0, 0, 0, 1, 0, 0, 1, 0, 0, 2, G, 1, V7/V, 5, major, 0, D5, C, 0, V, 5, major, 0, G4
136, 0, 0, 1, 0, 0, 1, 0, 1, 0, 0, 0, 1, 1, C, 1, V7, 5, major, 0, G4
137, 0, 0, 1, 0, 0, 1, 0, 1, 0, 0, 0, 1, 1, C, 1, V7, 5, major, 0, G4
138, 0, 0, 1, 0, 0, 1, 0, 1, 0, 0, 0, 1, 1, C, 1, V7, 5, major, 0, G4
139, 0, 0, 1, 0, 0, 1, 0, 1, 0, 0, 0, 1, 1, C, 1, V7, 5, major, 0, G4
140, 1, 0, 0, 0, 1, 0, 0, 1, 0, 0, 0, 0, 1, C, 1, I, 1, major, 0, C4
141, 0, 0, 1, 0, 0, 0, 0, 1, 0, 0, 0, 1, 1, C, 1, V, 5, major, 0, G4
142, 0, 0, 1, 0, 0, 1, 0, 1, 0, 0, 0, 1, 1, C, 1, V7, 5, major, 0, G4
143, 1, 0, 0, 0, 1, 0, 0, 1, 0, 0, 0, 0, 1, C, 1, I, 1, major, 0, C4
144, 1, 0, 0, 0, 1, 0, 0, 1, 0, 0, 0, 0, 1, C, 1, I, 1, major, 0, C4
144, 0, 0, 1, 0, 0, 1, 0, 1, 0, 0, 0, 1, 1, C, 1, V43, 5, major, 2, G4
145, 1, 0, 0, 0, 1, 0, 0, 1, 0, 0, 0, 0, 1, C, 1, I, 1, major, 0, C4
145, 0, 0, 1, 0, 0, 1, 0, 1, 0, 0, 0, 1, 1, C, 1, V43, 5, major, 2, G4
146, 1, 0, 0, 0, 1, 0, 0, 1, 0, 0, 0, 0, 1, C, 1, I, 1, major, 0, C4
146, 1, 0, 1, 0, 0, 1, 0, 0, 0, 1, 0, 0, 1, C, 1, ii65, 2, minor, 1, D5
147, 0, 0, 1, 0, 0, 0, 0, 1, 0, 0, 0, 1, 1, C, 1, V, 5, major, 0, G4
147, 1, 0, 0, 0, 1, 0, 0, 1, 0, 0, 0, 0, 1, C, 1, I, 1, major, 0, C4
148, 1, 0, 0, 0, 1, 0, 0, 1, 0, 0, 0, 0, 1, C, 1, I64, 1, major, 2, C5
148, 0, 0, 1, 0, 0, 0, 1, 0, 0, 1, 0, 0, 2, G, 1, V/V, 5, major, 0, D5, C, 1, V, 5, major, 0, G4
149, 0, 0, 1, 0, 0, 1, 0, 1, 0, 0, 0, 1, 1, C, 1, V65, 5, major, 1, G5
149, 1, 0, 0, 0, 1, 0, 0, 1, 0, 0, 0, 0, 1, C, 1, I, 1, major, 0, C4
150, 1, 0, 0, 0, 0, 1, 0, 0, 0, 1, 0, 0, 1, F, 1, I64, 1, major, 2, F5
150, 0, 0, 1, 0, 0, 0, 0, 1, 0, 0, 0, 1, 2, C, 1, V/V, 5, major, 0, G4, F, 1, V, 5, major, 0, C5
151, 1, 0, 0, 0, 1, 0, 0, 1, 0, 0, 1, 0, 1, F, 1, V65, 5, major, 1, C6
151, 1, 0, 0, 0, 0, 1, 0, 0, 0, 1, 0, 0, 1, F, 1, I, 1, major, 0, F4
152, 0, 0, 1, 0, 0, 1, 0, 0, 0, 1, 0, 0, 1, F, 1, vi6, 6, minor, 1, D5
152, 0, 0, 1, 0, 0, 0, 0, 1, 0, 0, 0, 1, 2, C, 1, V/V, 5, major, 0, G4, F, 1, V, 5, major, 0, C5
153, 0, 1, 0, 0, 1, 0, 0, 1, 0, 1, 0, 0, 2, D, 0, V7/vi, 5, major, 0, A4, F, 1, vi, 6, minor, 0, D5
153, 1, 0, 1, 0, 0, 0, 1, 0, 0, 1, 0, 0, 2, G, 0, V7/ii, 5, major, 0, D5, F, 1, ii, 2, minor, 0, G4
154, 0, 0, 1, 0, 0, 1, 0, 1, 0, 0, 0, 1, 2, C, 1, V7/V, 5, major, 0, G4, F, 1, V, 5, major, 0, C5
154, 1, 0, 0, 0, 1, 0, 0, 1, 0, 0, 1, 0, 2, F, 1, V7/IV, 5, major, 0, C5, C, 1, IV, 4, major, 0, F4
155, 1, 0, 0, 0, 0, 1, 0, 0, 0, 1, 0, 0, 1, C, 1, IV, 4, major, 0, F4
155, 1, 0, 1, 0, 0, 0, 1, 0, 0, 1, 0, 0, 2, G, 1, V7/V, 5, major, 0, D5, C, 1, V, 5, major, 0, G4
156, 0, 0, 1, 0, 0, 1, 0, 1, 0, 0, 0, 1, 1, C, 1, V7, 5, major, 0, G4
157, 1, 0, 0, 0, 1, 0, 0, 1, 0, 0, 0, 0, 1, C, 1, I, 1, major, 0, C4
157, 0, 0, 1, 0, 0, 1, 0, 1, 0, 0, 0, 1, 1, C, 1, V65, 5, major, 1, G5
157, 1, 0, 0, 0, 1, 0, 0, 1, 0, 0, 0, 0, 1, C, 1, I, 1, major, 0, C4
158, 0, 0, 1, 0, 0, 1, 0, 1, 0, 0, 0, 1, 1, C, 1, V7, 5, major, 0, G4
159, 1, 0, 0, 0, 1, 0, 0, 1, 0, 0, 0, 0, 1, C, 1, I, 1, major, 0, C4
159, 0, 0, 1, 0, 0, 1, 0, 1, 0, 0, 0, 1, 1, C, 1, V65, 5, major, 1, G5
159, 1, 0, 0, 0, 1, 0, 0, 1, 0, 0, 0, 0, 1, C, 1, I, 1, major, 0, C4
160, 0, 0, 1, 0, 0, 0, 0, 1, 0, 0, 0, 1, 1, C, 1, V, 5, major, 0, G4
161, 0, 0, 1, 0, 0, 0, 0, 1, 0, 0, 0, 1, 1, C, 1, V, 5, major, 0, G4
162, 1, 0, 0, 1, 0, 0, 0, 1, 0, 0, 0, 0, 1, C, 0, i, 1, minor, 0, C4
163, 1, 0, 1, 0, 0, 0, 1, 0, 0, 1, 0, 0, 2, G, 1, V42/V, 5, major, 3, D5, C, 0, V, 5, major, 0, G4
164, 0, 0, 1, 0, 0, 1, 0, 1, 0, 0, 0, 1, 1, C, 0, V65, 5, major, 1, G5
165, 1, 0, 0, 0, 1, 0, 0, 1, 0, 0, 1, 0, 2, F, 0, V42/iv, 5, major, 3, C5, C, 0, iv, 4, minor, 0, F4
166, 1, 0, 0, 0, 0, 1, 0, 0, 1, 0, 0, 0, 1, C, 0, iv6, 4, minor, 1, F5
166, 1, 0, 0, 1, 0, 0, 0, 1, 0, 0, 0, 0, 1, C, 0, i64, 1, minor, 2, C5
167, 1, 0, 1, 0, 0, 0, 1, 0, 0, 1, 0, 0, 1, G, 0, V7, 5, major, 0, D5
168, 0, 0, 1, 0, 0, 0, 0, 1, 0, 0, 1, 0, 1, G, 0, i, 1, minor, 0, G4
169, 0, 1, 0, 0, 1, 0, 0, 1, 0, 1, 0, 0, 2, D, 1, V42/V, 5, major, 3, A4, G, 0, V, 5, major, 0, D5
170, 1, 0, 1, 0, 0, 0, 1, 0, 0, 1, 0, 0, 1, G, 0, V65, 5, major, 1, D6
171, 0, 1, 0, 0, 1, 0, 0, 1, 0, 1, 0, 0, 2, D, 1, V42/V, 5, major, 3, A4, G, 0, V, 5, major, 0, D5
172, 1, 0, 0, 1, 0, 0, 0, 1, 0, 0, 0, 0, 1, G, 0, iv6, 4, minor, 1, C6
172, 0, 0, 1, 0, 0, 0, 0, 1, 0, 0, 1, 0, 1, G, 0, i64, 1, minor, 2, G5
173, 0, 1, 0, 0, 1, 0, 0, 1, 0, 1, 0, 0, 1, D, 0, V65, 5, major, 1, A5
174, 0, 0, 1, 0, 0, 1, 0, 0, 0, 1, 0, 0, 1, D, 0, i, 1, minor, 0, D4
174, 0, 1, 0, 0, 1, 0, 0, 1, 0, 1, 0, 0, 1, D, 0, V42, 5, major, 3, A4
175, 0, 0, 1, 0, 0, 1, 0, 0, 0, 1, 0, 0, 1, D, 0, i, 1, minor, 0, D4
175, 0, 0, 1, 0, 0, 1, 0, 1, 0, 0, 0, 1, 1, C, 0, V7, 5, major, 0, G4
176, 1, 0, 0, 1, 0, 0, 0, 1, 0, 0, 0, 0, 1, C, 0, i, 1, minor, 0, C4
176, 0, 0, 1, 0, 0, 1, 0, 1, 0, 0, 0, 1, 1, C, 0, V42, 5, major, 3, G4
177, 1, 0, 0, 1, 0, 0, 0, 1, 0, 0, 0, 0, 1, C, 0, i, 1, minor, 0, C4
177, 1, 0, 0, 0, 0, 0, 1, 0, 1, 0, 0, 0, 1, C, 0, It6, 4, other, 1, F#5
178, 0, 0, 1, 0, 0, 0, 0, 1, 0, 0, 0, 1, 1, C, 1, V, 5, major, 0, G4
178, 1, 0, 1, 0, 0, 0, 1, 0, 0, 1, 0, 0, 2, G, 1, V42/V, 5, major, 3, D5, C, 1, V, 5, major, 0, G4
179, 0, 0, 1, 0, 0, 0, 0, 1, 0, 0, 0, 1, 1, C, 1, V, 5, major, 0, G4
179, 1, 0, 1, 0, 0, 0, 1, 0, 0, 1, 0, 0, 2, G, 1, V42/V, 5, major, 3, D5, C, 1, V, 5, major, 0, G4
180, 0, 0, 1, 0, 0, 0, 0, 1, 0, 0, 0, 1, 1, C, 1, V, 5, major, 0, G4
181, 0, 0, 1, 0, 0, 0, 0, 1, 0, 0, 0, 1, 1, C, 1, V, 5, major, 0, G4
181, 0, 0, 1, 0, 0, 1, 0, 1, 0, 0, 0, 1, 1, C, 1, V7, 5, major, 0, G4
182, 1, 0, 0, 0, 1, 0, 0, 1, 0, 0, 0, 0, 1, C, 1, I, 1, major, 0, C4
183, 1, 0, 0, 0, 1, 0, 0, 1, 0, 0, 0, 0, 1, C, 1, I6, 1, major, 1, C5
184, 0, 0, 1, 0, 0, 1, 0, 1, 0, 0, 0, 1, 1, C, 1, V42, 5, major, 3, G4
185, 0, 0, 1, 0, 0, 1, 0, 1, 0, 0, 0, 1, 1, C, 1, V43, 5, major, 2, G4
186, 1, 0, 0, 0, 1, 0, 0, 1, 0, 0, 0, 0, 1, C, 1, I6, 1, major, 1, C5
187, 1, 0, 0, 0, 1, 0, 0, 1, 0, 1, 0, 0, 1, C, 1, vi65, 6, minor, 1, A4
188, 1, 0, 1, 0, 0, 0, 1, 0, 0, 1, 0, 0, 2, G, 1, V7/V, 5, major, 0, D5, C, 1, V, 5, major, 0, G4
189, 0, 0, 1, 0, 0, 1, 0, 1, 0, 0, 0, 1, 1, C, 1, V7, 5, major, 0, G4
190, 1, 0, 0, 0, 1, 0, 0, 1, 0, 0, 0, 0, 1, C, 1, I, 1, major, 0, C4
191, 1, 0, 0, 0, 1, 0, 0, 1, 0, 0, 0, 0, 1, C, 1, I6, 1, major, 1, C5
192, 0, 0, 1, 0, 0, 1, 0, 1, 0, 0, 0, 1, 1, C, 1, V43, 5, major, 2, G4
193, 0, 0, 1, 0, 0, 1, 0, 1, 0, 0, 0, 1, 1, C, 1, V42, 5, major, 3, G4
194, 1, 0, 0, 0, 1, 0, 0, 1, 0, 0, 0, 0, 1, C, 1, I6, 1, major, 1, C5
195, 1, 0, 0, 0, 1, 0, 0, 1, 0, 0, 1, 0, 2, F, 1, V65/IV, 5, major, 1, C6, C, 1, IV, 4, major, 0, F4
196, 1, 0, 0, 0, 0, 1, 0, 0, 0, 1, 0, 0, 1, C, 1, IV, 4, major, 0, F4
197, 1, 0, 0, 0, 0, 1, 0, 0, 0, 1, 0, 0, 1, C, 1, IV, 4, major, 0, F4
198, 0, 0, 1, 0, 0, 1, 0, 1, 0, 0, 0, 1, 1, C, 1, V42, 5, major, 3, G4
199, 0, 0, 1, 0, 0, 1, 0, 1, 0, 0, 0, 1, 1, C, 1, V42, 5, major, 3, G4
200, 1, 0, 0, 0, 1, 0, 0, 1, 0, 0, 0, 0, 1, C, 1, I6, 1, major, 1, C5
201, 1, 0, 0, 0, 1, 0, 0, 1, 0, 0, 0, 0, 1, C, 1, I6, 1, major, 1, C5
202, 1, 0, 0, 0, 1, 0, 0, 1, 0, 0, 0, 0, 1, C, 1, I64, 1, major, 2, C5
203, 1, 0, 0, 0, 1, 0, 0, 1, 0, 0, 0, 0, 1, C, 1, I64, 1, major, 2, C5
204, 1, 0, 0, 0, 1, 0, 0, 1, 0, 0, 0, 0, 1, C, 1, I, 1, major, 0, C4
204, 0, 0, 1, 0, 0, 0, 0, 1, 0, 0, 0, 1, 1, C, 1, V6, 5, major, 1, G5
204, 1, 0, 0, 0, 1, 0, 0, 0, 0, 1, 0, 0, 1, C, 1, vi, 6, minor, 0, A4
204, 1, 0, 0, 0, 1, 0, 0, 1, 0, 0, 0, 0, 1, C, 1, I64, 1, major, 2, C5
205, 1, 0, 0, 0, 0, 1, 0, 0, 0, 1, 0, 0, 1, C, 1, IV, 4, major, 0, F4
205, 1, 0, 0, 0, 1, 0, 0, 1, 0, 0, 0, 0, 1, C, 1, I6, 1, major, 1, C5
205, 0, 0, 1, 0, 0, 1, 0, 0, 0, 1, 0, 0, 1, C, 1, ii, 2, minor, 0, D4
205, 1, 0, 0, 0, 1, 0, 0, 0, 0, 1, 0, 0, 1, C, 1, vi6, 6, minor, 1, A4
206, 0, 0, 1, 0, 0, 0, 0, 1, 0, 0, 0, 1, 1, C, 1, V6, 5, major, 1, G5
206, 1, 0, 1, 0, 0, 0, 1, 0, 0, 1, 0, 0, 2, G, 1, V43/V, 5, major, 2, D5, C, 1, V, 5, major, 0, G4
206, 0, 0, 1, 0, 0, 1, 0, 1, 0, 0, 0, 1, 1, C, 1, V7, 5, major, 0, G4
207, 1, 0, 0, 0, 1, 0, 0, 1, 0, 0, 0, 0, 1, C, 1, I6, 1, major, 1, C5
207, 0, 0, 1, 0, 0, 1, 0, 1, 0, 0, 0, 1, 1, C, 1, V43, 5, major, 2, G4
207, 1, 0, 0, 0, 1, 0, 0, 1, 0, 0, 0, 0, 1, C, 1, I, 1, major, 0, C4
207, 0, 0, 1, 0, 0, 0, 0, 1, 0, 0, 0, 1, 1, C, 1, V6, 5, major, 1, G5
208, 1, 0, 0, 0, 1, 0, 0, 1, 0, 0, 0, 0, 1, C, 1, I, 1, major, 0, C4
209, 1, 0, 0, 0, 1, 0, 0, 0, 1, 0, 0, 0, 1, C, 1, I+64, 1, augmented, 2, C5
210, 1, 0, 0, 0, 1, 0, 0, 0, 0, 1, 0, 0, 1, C, 1, vi, 6, minor, 0, A4
211, 1, 0, 0, 0, 0, 1, 0, 0, 0, 1, 0, 0, 1, C, 1, IV, 4, major, 0, F4
211, 0, 0, 1, 0, 0, 0, 0, 1, 0, 0, 0, 1, 1, C, 1, V, 5, major, 0, G4
212, 1, 0, 0, 0, 1, 0, 0, 1, 0, 0, 0, 0, 1, C, 1, I, 1, major, 0, C4
212, 0, 0, 1, 0, 0, 1, 0, 0, 0, 1, 0, 0, 1, C, 1, ii, 2, minor, 0, D4
213, 0, 0, 1, 0, 0, 1, 0, 1, 0, 0, 0, 1, 1, C, 1, V7, 5, major, 0, G4
214, 1, 0, 0, 0, 1, 0, 0, 1, 0, 0, 0, 0, 1, C, 1, I, 1, major, 0, C4
214, 0, 0, 1, 0, 0, 1, 0, 0, 0, 1, 0, 0, 1, C, 1, ii, 2, minor, 0, D4
215, 0, 0, 1, 0, 0, 1, 0, 1, 0, 0, 0, 1, 1, C, 1, V7, 5, major, 0, G4
216, 1, 0, 0, 0, 1, 0, 0, 1, 0, 0, 0, 0, 1, C, 1, I, 1, major, 0, C4
216, 0, 0, 1, 0, 0, 1, 0, 0, 0, 1, 0, 0, 1, C, 1, ii, 2, minor, 0, D4
217, 0, 0, 1, 0, 0, 0, 0, 1, 0, 0, 0, 1, 1, C, 1, V, 5, major, 0, G4
218, 0, 0, 1, 0, 0, 1, 0, 0, 0, 1, 0, 0, 1, C, 1, ii, 2, minor, 0, D4
218, 0, 0, 1, 0, 0, 0, 0, 1, 0, 0, 0, 1, 1, C, 1, V, 5, major, 0, G4
219, 1, 0, 0, 1, 0, 0, 0, 0, 1, 0, 0, 0, 1, C, 1, bVI, 6, major, 0, Ab4
220, 1, 0, 0, 1, 0, 0, 0, 0, 1, 0, 0, 0, 1, C, 1, bVI, 6, major, 0, Ab4
221, 1, 0, 0, 1, 0, 0, 0, 0, 1, 0, 0, 0, 1, C, 1, bVI, 6, major, 0, Ab4
222, 1, 0, 0, 1, 0, 0, 0, 0, 1, 0, 0, 0, 1, C, 1, bVI, 6, major, 0, Ab4
223, 1, 0, 0, 1, 0, 0, 0, 0, 1, 0, 0, 0, 1, C, 1, bVI, 6, major, 0, Ab4
224, 1, 0, 0, 1, 0, 0, 0, 0, 1, 0, 0, 0, 1, C, 1, bVI, 6, major, 0, Ab4
225, 0, 1, 0, 0, 1, 0, 0, 1, 0, 0, 1, 0, 2, F, 1, viio43/IV, 7, diminished, 2, E5, C, 1, IV, 4, major, 0, F4
226, 0, 1, 0, 0, 1, 0, 0, 1, 0, 0, 1, 0, 2, F, 1, viio43/IV, 7, diminished, 2, E5, C, 1, IV, 4, major, 0, F4
227, 1, 0, 0, 1, 0, 0, 1, 0, 0, 1, 0, 0, 2, G, 1, viio43/V, 7, diminished, 2, F#5, C, 1, V, 5, major, 0, G4
228, 1, 0, 0, 1, 0, 0, 1, 0, 0, 1, 0, 0, 2, G, 1, viio43/V, 7, diminished, 2, F#5, C, 1, V, 5, major, 0, G4
229, 0, 0, 1, 0, 0, 1, 0, 0, 1, 0, 0, 1, 1, C, 1, viio65, 7, diminished, 1, B4
230, 0, 1, 0, 0, 1, 0, 0, 1, 0, 0, 1, 0, 2, D, 0, viio65/ii, 7, diminished, 1, C#5, C, 1, ii, 2, minor, 0, D4
231, 0, 0, 1, 0, 0, 1, 0, 0, 1, 0, 0, 1, 1, C, 1, viio42, 7, diminished, 3, B4
232, 1, 0, 0, 1, 0, 0, 1, 0, 0, 1, 0, 0, 2, G, 1, viio7/V, 7, diminished, 0, F#5, C, 1, V, 5, major, 0, G4
233, 1, 0, 0, 0, 1, 0, 0, 1, 0, 0, 0, 0, 1, C, 1, I64, 1, major, 2, C5
233, 0, 0, 1, 0, 0, 1, 0, 1, 0, 0, 0, 1, 1, C, 1, V7, 5, major, 0, G4
234, 1, 0, 0, 0, 1, 0, 0, 1, 0, 0, 0, 0, 1, C, 1, I, 1, major, 0, C4
235, 0, 0, 1, 0, 0, 0, 0, 1, 0, 0, 0, 1, 1, C, 1, V, 5, major, 0, G4
236, 0, 0, 1, 0, 0, 1, 0, 1, 0, 0, 0, 1, 1, C, 1, V7, 5, major, 0, G4
237, 1, 0, 0, 0, 1, 0, 0, 1, 0, 0, 0, 0, 1, C, 1, I, 1, major, 0, C4
238, 1, 0, 0, 0, 1, 0, 0, 1, 0, 0, 0, 0, 1, C, 1, I, 1, major, 0, C4
238, 0, 0, 1, 0, 0, 1, 0, 1, 0, 0, 0, 1, 1, C, 1, V7, 5, major, 0, G4
239, 1, 0, 0, 0, 1, 0, 0, 1, 0, 0, 0, 0, 1, C, 1, I, 1, major, 0, C4
239, 0, 0, 1, 0, 0, 1, 0, 1, 0, 0, 0, 1, 1, C, 1, V7, 5, major, 0, G4
240, 1, 0, 0, 0, 1, 0, 0, 1, 0, 0, 0, 0, 1, C, 1, I, 1, major, 0, C4
240, 0, 0, 1, 0, 0, 1, 0, 1, 0, 0, 0, 1, 1, C, 1, V65, 5, major, 1, G5
241, 1, 0, 0, 0, 1, 0, 0, 1, 0, 0, 0, 0, 1, C, 1, I6, 1, major, 1, C5
241, 0, 0, 1, 0, 0, 1, 0, 0, 0, 1, 0, 0, 1, C, 1, ii, 2, minor, 0, D4
242, 1, 0, 0, 0, 1, 0, 0, 1, 0, 0, 0, 0, 1, C, 1, I64, 1, major, 2, C5
242, 0, 0, 1, 0, 0, 1, 0, 0, 0, 1, 0, 0, 1, C, 1, ii6, 2, minor, 1, D5
243, 1, 0, 0, 0, 1, 0, 0, 1, 0, 0, 0, 0, 1, C, 1, I6, 1, major, 1, C5
243, 0, 0, 1, 0, 0, 1, 0, 0, 0, 0, 0, 1, 1, C, 1, viio6, 7, diminished, 1, B4
244, 1, 0, 0, 0, 1, 0, 0, 1, 0, 0, 0, 0, 1, C, 1, I, 1, major, 0, C4
245, 1, 0, 0, 0, 1, 0, 0, 1, 0, 0, 0, 0, 1, C, 1, I, 1, major, 0, C4
246, 0, 0, 1, 0, 0, 1, 0, 0, 0, 1, 0, 0, 1, C, 1, ii6, 2, minor, 1, D5
247, 0, 0, 1, 0, 0, 1, 0, 1, 0, 0, 0, 1, 1, C, 1, V7, 5, major, 0, G4
248, 1, 0, 0, 0, 1, 0, 0, 0, 0, 1, 0, 0, 1, C, 1, vi, 6, minor, 0, A4
249, 1, 0, 0, 0, 1, 0, 0, 0, 0, 1, 0, 0, 1, C, 1, vi, 6, minor, 0, A4
250, 1, 0, 0, 0, 0, 1, 0, 0, 0, 1, 0, 0, 1, C, 1, IV, 4, major, 0, F4
251, 1, 0, 0, 0, 1, 0, 0, 1, 0, 0, 0, 0, 1, C, 1, I64, 1, major, 2, C5
252, 0, 0, 1, 0, 0, 1, 0, 1, 0, 0, 0, 1, 1, C, 1, V7, 5, major, 0, G4
253, 1, 0, 0, 0, 1, 0, 0, 1, 0, 0, 0, 0, 1, C, 1, I, 1, major, 0, C4
254, 0, 0, 1, 0, 0, 1, 0, 1, 0, 0, 0, 1, 1, C, 1, V65, 5, major, 1, G5
255, 1, 0, 0, 0, 1, 0, 0, 1, 0, 0, 0, 0, 1, C, 1, I, 1, major, 0, C4
256, 0, 0, 1, 0, 0, 0, 0, 1, 0, 0, 0, 1, 1, C, 1, V6, 5, major, 1, G5
256, 0, 0, 1, 0, 0, 1, 0, 1, 0, 0, 0, 1, 1, C, 1, V7, 5, major, 0, G4
257, 1, 0, 0, 0, 1, 0, 0, 1, 0, 0, 0, 0, 1, C, 1, I, 1, major, 0, C4
257, 0, 0, 1, 0, 0, 1, 0, 1, 0, 0, 0, 1, 1, C, 1, V7, 5, major, 0, G4
258, 1, 0, 0, 0, 1, 0, 0, 1, 0, 0, 0, 0, 1, C, 1, I, 1, major, 0, C4
