50, 0, 0, 1, 0, 0, 1, 0, 0, 0, 0, 1, 0, 1, Bb, 1, I, 1, major, 0, Bb4
51, 0, 0, 0, 1, 0, 0, 1, 0, 0, 0, 1, 0, 1, Eb, 0, i, 1, minor, 0, Eb4
52, 0, 0, 0, 1, 0, 0, 1, 0, 0, 0, 1, 0, 1, Eb, 0, i, 1, minor, 0, Eb4
53, 0, 0, 0, 1, 0, 0, 1, 0, 0, 0, 1, 0, 1, Eb, 0, i, 1, minor, 0, Eb4
54, 0, 0, 0, 1, 0, 0, 1, 0, 0, 0, 1, 0, 1, Eb, 0, i, 1, minor, 0, Eb4
55, 0, 0, 1, 0, 0, 1, 0, 0, 1, 0, 1, 0, 1, Eb, 0, V7, 5, major, 0, Bb4
56, 0, 0, 1, 0, 0, 1, 0, 0, 1, 0, 1, 0, 1, Eb, 0, V7, 5, major, 0, Bb4
57, 0, 0, 1, 0, 0, 1, 0, 0, 1, 0, 1, 0, 1, Eb, 0, V7, 5, major, 0, Bb4
58, 0, 0, 1, 0, 0, 1, 0, 0, 1, 0, 1, 0, 1, Eb, 0, V7, 5, major, 0, Bb4
59, 0, 0, 0, 1, 0, 0, 1, 0, 0, 0, 1, 0, 1, Eb, 0, i, 1, minor, 0, Eb4
60, 0, 0, 0, 1, 0, 0, 1, 0, 0, 0, 1, 0, 1, Eb, 0, i, 1, minor, 0, Eb4
61, 0, 0, 0, 1, 0, 0, 1, 0, 0, 0, 1, 0, 1, Eb, 0, i, 1, minor, 0, Eb4
62, 0, 0, 0, 1, 0, 0, 1, 0, 0, 0, 1, 0, 1, Eb, 0, i, 1, minor, 0, Eb4
63, 1, 0, 0, 1, 0, 0, 1, 0, 1, 0, 0, 0, 1, Db, 1, V7, 5, major, 0, Ab4
64, 1, 0, 0, 1, 0, 0, 1, 0, 1, 0, 0, 0, 1, Db, 1, V7, 5, major, 0, Ab4
65, 1, 0, 0, 1, 0, 0, 1, 0, 1, 0, 0, 0, 1, Db, 1, V7, 5, major, 0, Ab4
66, 1, 0, 0, 1, 0, 0, 1, 0, 1, 0, 0, 0, 1, Db, 1, V7, 5, major, 0, Ab4
67, 0, 1, 0, 0, 0, 1, 0, 0, 1, 0, 0, 0, 1, Db, 1, I, 1, major, 0, Db4
68, 0, 1, 0, 0, 0, 1, 0, 0, 1, 0, 0, 0, 1, Db, 1, I, 1, major, 0, Db4
69, 0, 1, 0, 0, 0, 1, 0, 0, 1, 0, 0, 0, 1, Db, 1, I, 1, major, 0, Db4
70, 0, 1, 0, 0, 0, 1, 0, 0, 1, 0, 0, 0, 1, Db, 1, I, 1, major, 0, Db4
71, 1, 0, 0, 1, 0, 0, 1, 0, 1, 0, 0, 0, 1, Db, 1, V7, 5, major, 0, Ab4
72, 1, 0, 0, 1, 0, 0, 1, 0, 1, 0, 0, 0, 1, Db, 1, V7, 5, major, 0, Ab4
73, 1, 0, 0, 1, 0, 0, 1, 0, 1, 0, 0, 0, 1, Db, 1, V7, 5, major, 0, Ab4
74, 1, 0, 0, 1, 0, 0, 1, 0, 1, 0, 0, 0, 1, Db, 1, V7, 5, major, 0, Ab4
75, 0, 1, 0, 0, 0, 1, 0, 0, 1, 0, 0, 0, 1, Db, 1, I, 1, major, 0, Db4
75, 0, 1, 0, 0, 0, 1, 0, 0, 1, 0, 0, 1, 2, Gb, 1, V42/III, 5, major, 3, Db5, Eb, 0, III, 3, major, 0, Gb4
76, 0, 0, 1, 0, 0, 1, 0, 0, 1, 0, 1, 0, 1, Eb, 0, V7, 5, major, 0, Bb4
77, 0, 0, 1, 0, 0, 1, 0, 0, 1, 0, 1, 0, 1, Eb, 0, V7, 5, major, 0, Bb4
78, 0, 0, 1, 0, 0, 1, 0, 0, 1, 0, 1, 0, 1, Eb, 0, V7, 5, major, 0, Bb4
79, 0, 0, 0, 1, 0, 0, 1, 0, 0, 0, 1, 0, 1, Eb, 0, i, 1, minor, 0, Eb4
79, 0, 1, 0, 1, 0, 0, 0, 1, 0, 0, 1, 0, 2, Ab, 1, V42/III, 5, major, 3, Eb5, F, 0, III, 3, major, 0, Ab4
80, 1, 0, 0, 0, 1, 0, 0, 1, 0, 0, 1, 0, 1, F, 0, V7, 5, major, 0, C5
81, 1, 0, 0, 0, 1, 0, 0, 1, 0, 0, 1, 0, 1, F, 0, V7, 5, major, 0, C5
82, 1, 0, 0, 0, 1, 0, 0, 1, 0, 0, 1, 0, 1, F, 0, V7, 5, major, 0, C5
83, 1, 0, 0, 0, 0, 1, 0, 0, 1, 0, 0, 0, 1, Eb, 1, ii, 2, minor, 0, F4
84, 0, 0, 1, 0, 0, 1, 0, 0, 1, 0, 1, 0, 1, Eb, 1, V7, 5, major, 0, Bb4
84, 0, 0, 1, 0, 0, 1, 0, 0, 1, 0, 0, 1, 2, C, 0, viio7/vi, 7, diminished, 0, B4, Eb, 1, vi, 6, minor, 0, C5
85, 1, 0, 0, 1, 0, 0, 0, 1, 0, 0, 0, 0, 1, Eb, 1, vi, 6, minor, 0, C5
86, 1, 0, 0, 1, 0, 1, 0, 0, 1, 0, 0, 0, 1, Eb, 1, ii65, 2, minor, 1, F5
87, 0, 0, 0, 1, 0, 0, 0, 1, 0, 0, 1, 0, 1, Eb, 1, I64, 1, major, 2, Eb5
88, 0, 0, 1, 0, 0, 1, 0, 0, 0, 0, 1, 0, 1, Eb, 1, V, 5, major, 0, Bb4
89, 0, 0, 0, 1, 0, 0, 0, 1, 0, 0, 1, 0, 1, Eb, 1, I, 1, major, 0, Eb4
90, 0, 0, 0, 1, 0, 0, 0, 1, 0, 0, 1, 0, 1, Eb, 1, I, 1, major, 0, Eb4
91, 0, 1, 0, 1, 0, 0, 0, 1, 0, 0, 1, 0, 2, Ab, 1, V42/IV, 5, major, 3, Eb5, Eb, 1, IV, 4, major, 0, Ab4
92, 0, 1, 0, 1, 0, 0, 0, 1, 0, 0, 1, 0, 2, Ab, 1, V42/IV, 5, major, 3, Eb5, Eb, 1, IV, 4, major, 0, Ab4
93, 1, 0, 0, 1, 0, 0, 0, 0, 1, 0, 0, 0, 1, Eb, 1, IV6, 4, major, 1, Ab5
93, 1, 0, 0, 0, 1, 0, 0, 1, 0, 0, 1, 0, 2, F, 0, V42/ii, 5, major, 3, C5, Eb, 1, ii, 2, minor, 0, F4
94, 1, 0, 0, 0, 0, 1, 0, 0, 1, 0, 0, 0, 1, Eb, 1, ii6, 2, minor, 1, F5
94, 1, 0, 0, 1, 0, 0, 0, 1, 0, 0, 0, 0, 1, Eb, 1, vi64, 6, minor, 2, C5
95, 1, 0, 0, 0, 0, 1, 0, 0, 1, 0, 0, 0, 1, Eb, 1, ii, 2, minor, 0, F4
95, 1, 0, 0, 1, 0, 1, 0, 0, 0, 1, 0, 0, 2, Bb, 1, V42/V, 5, major, 3, F5, Eb, 1, V, 5, major, 0, Bb4
96, 0, 0, 1, 0, 0, 1, 0, 0, 0, 0, 1, 0, 1, Eb, 1, V6, 5, major, 1, Bb5
96, 1, 0, 0, 0, 0, 1, 0, 0, 1, 0, 0, 0, 1, Eb, 1, ii64, 2, minor, 2, F5
97, 0, 1, 0, 0, 0, 1, 0, 0, 0, 0, 1, 0, 1, Eb, 1, v, 5, minor, 0, Bb4
97, 0, 0, 1, 0, 0, 1, 0, 0, 1, 0, 0, 0, 1, Eb, 1, viio64, 7, diminished, 2, D5
98, 0, 0, 0, 1, 0, 0, 0, 1, 0, 0, 1, 0, 1, Eb, 1, I6, 1, major, 1, Eb5
98, 0, 0, 0, 1, 0, 0, 0, 1, 0, 0, 0, 1, 1, Eb, 1, I+6, 1, augmented, 1, Eb5
99, 1, 0, 0, 1, 0, 0, 0, 0, 1, 0, 0, 0, 1, Eb, 1, IV, 4, major, 0, Ab4
100, 0, 0, 1, 0, 0, 1, 0, 0, 1, 0, 1, 0, 1, Eb, 1, V7, 5, major, 0, Bb4
101, 0, 0, 0, 1, 0, 0, 0, 1, 0, 0, 1, 0, 1, Eb, 1, I, 1, major, 0, Eb4
102, 0, 0, 0, 1, 0, 0, 0, 1, 0, 0, 1, 0, 1, Eb, 1, I, 1, major, 0, Eb4
103, 0, 1, 0, 1, 0, 0, 0, 1, 0, 0, 1, 0, 2, Ab, 1, V42/IV, 5, major, 3, Eb5, Eb, 1, IV, 4, major, 0, Ab4
104, 0, 1, 0, 1, 0, 0, 0, 1, 0, 0, 1, 0, 2, Ab, 1, V42/IV, 5, major, 3, Eb5, Eb, 1, IV, 4, major, 0, Ab4
105, 1, 0, 0, 1, 0, 0, 0, 0, 1, 0, 0, 0, 1, Eb, 1, IV6, 4, major, 1, Ab5
105, 1, 0, 0, 0, 1, 0, 0, 1, 0, 0, 1, 0, 2, F, 0, V42/ii, 5, major, 3, C5, Eb, 1, ii, 2, minor, 0, F4
106, 1, 0, 0, 0, 0, 1, 0, 0, 1, 0, 0, 0, 1, Eb, 1, ii6, 2, minor, 1, F5
106, 1, 0, 0, 1, 0, 0, 0, 1, 0, 0, 0, 0, 1, Eb, 1, vi64, 6, minor, 2, C5
107, 1, 0, 0, 0, 0, 1, 0, 0, 1, 0, 0, 0, 1, Eb, 1, ii, 2, minor, 0, F4
107, 1, 0, 0, 1, 0, 1, 0, 0, 0, 1, 0, 0, 2, Bb, 1, V42/V, 5, major, 3, F5, Eb, 1, V, 5, major, 0, Bb4
108, 0, 0, 1, 0, 0, 1, 0, 0, 0, 0, 1, 0, 1, Eb, 1, V6, 5, major, 1, Bb5
108, 1, 0, 0, 0, 0, 1, 0, 0, 1, 0, 0, 0, 1, Eb, 1, ii64, 2, minor, 2, F5
109, 0, 1, 0, 0, 0, 1, 0, 0, 0, 0, 1, 0, 1, Eb, 1, v, 5, minor, 0, Bb4
109, 0, 0, 1, 0, 0, 1, 0, 0, 1, 0, 0, 0, 1, Eb, 1, viio64, 7, diminished, 2, D5
110, 0, 0, 0, 1, 0, 0, 0, 1, 0, 0, 1, 0, 1, Eb, 1, I6, 1, major, 1, Eb5
110, 0, 0, 0, 0, 1, 0, 0, 1, 0, 0, 1, 0, 2, F, 0, viio6/ii, 7, diminished, 1, E5, Eb, 1, ii, 2, minor, 0, F4
111, 1, 0, 0, 0, 0, 1, 0, 0, 1, 0, 0, 0, 1, Eb, 1, ii6, 2, minor, 1, F5
112, 0, 0, 1, 0, 0, 1, 0, 0, 1, 0, 1, 0, 1, Eb, 1, V7, 5, major, 0, Bb4
113, 0, 0, 0, 1, 0, 0, 0, 1, 0, 0, 1, 0, 1, Eb, 1, I, 1, major, 0, Eb4
114, 1, 0, 0, 1, 0, 0, 0, 1, 0, 0, 0, 0, 1, Eb, 1, vi, 6, minor, 0, C5
115, 1, 0, 0, 1, 0, 1, 0, 0, 1, 0, 0, 0, 1, Eb, 1, ii65, 2, minor, 1, F5
116, 0, 0, 1, 0, 0, 1, 0, 0, 1, 0, 1, 0, 1, Eb, 1, V7, 5, major, 0, Bb4
117, 0, 0, 0, 1, 0, 0, 0, 1, 0, 0, 1, 0, 1, Eb, 1, I, 1, major, 0, Eb4
118, 1, 0, 0, 1, 0, 0, 0, 1, 0, 0, 0, 0, 1, Eb, 1, vi, 6, minor, 0, C5
119, 1, 0, 0, 1, 0, 1, 0, 0, 1, 0, 0, 0, 1, Eb, 1, ii65, 2, minor, 1, F5
120, 0, 0, 1, 0, 0, 1, 0, 0, 0, 0, 1, 0, 1, Eb, 1, V, 5, major, 0, Bb4
121, 0, 0, 0, 1, 0, 0, 0, 1, 0, 0, 1, 0, 1, Eb, 1, I, 1, major, 0, Eb4
121, 0, 1, 0, 0, 0, 0, 0, 1, 0, 0, 1, 0, 2, Ab, 1, viio64/IV, 7, diminished, 2, G5, Eb, 1, IV, 4, major, 0, Ab4
122, 1, 0, 0, 1, 0, 0, 0, 0, 1, 0, 0, 0, 1, Eb, 1, IV6, 4, major, 1, Ab5
122, 0, 1, 0, 0, 0, 0, 0, 1, 0, 0, 1, 0, 2, Ab, 1, viio/IV, 7, diminished, 0, G5, Eb, 1, IV, 4, major, 0, Ab4
122, 1, 0, 0, 1, 0, 0, 0, 0, 1, 0, 0, 0, 1, Eb, 1, IV, 4, major, 0, Ab4
122, 0, 0, 1, 0, 0, 1, 0, 0, 1, 0, 0, 0, 1, Eb, 1, viio6, 7, diminished, 1, D5
123, 0, 0, 0, 1, 0, 0, 0, 1, 0, 0, 1, 0, 1, Eb, 1, I, 1, major, 0, Eb4
123, 0, 1, 0, 0, 0, 0, 0, 1, 0, 0, 1, 0, 2, Ab, 1, viio64/IV, 7, diminished, 2, G5, Eb, 1, IV, 4, major, 0, Ab4
124, 0, 1, 0, 0, 0, 0, 0, 1, 0, 0, 1, 0, 2, Ab, 1, viio64/IV, 7, diminished, 2, G5, Eb, 1, IV, 4, major, 0, Ab4
125, 0, 0, 0, 1, 0, 0, 0, 1, 0, 0, 1, 0, 1, Eb, 1, I, 1, major, 0, Eb4
126, 0, 0, 1, 1, 0, 0, 0, 1, 0, 0, 1, 0, 1, Eb, 1, I42, 1, major, 3, Eb5
127, 1, 0, 0, 1, 0, 0, 0, 1, 0, 0, 0, 0, 1, Eb, 1, vi, 6, minor, 0, C5
128, 0, 0, 0, 1, 0, 0, 0, 1, 0, 0, 1, 0, 1, Eb, 1, I64, 1, major, 2, Eb5
129, 1, 0, 0, 1, 0, 0, 0, 0, 1, 0, 0, 0, 1, Eb, 1, IV, 4, major, 0, Ab4
130, 1, 0, 0, 1, 0, 0, 0, 1, 0, 0, 0, 0, 1, C, 0, i64, 1, minor, 2, C5
131, 1, 0, 1, 0, 0, 0, 1, 0, 0, 1, 0, 0, 2, G, 1, V65/V, 5, major, 1, D6, C, 0, V, 5, major, 0, G4
132, 0, 0, 1, 0, 0, 1, 0, 1, 0, 0, 0, 1, 1, C, 0, V7, 5, major, 0, G4
133, 1, 0, 1, 0, 0, 0, 1, 0, 0, 1, 0, 0, 1, G, 0, V65, 5, major, 1, D6
134, 1, 0, 1, 0, 0, 0, 1, 0, 0, 1, 0, 0, 1, G, 0, V65, 5, major, 1, D6
135, 0, 0, 1, 0, 0, 0, 0, 1, 0, 0, 1, 0, 1, G, 0, i, 1, minor, 0, G4
135, 0, 0, 1, 0, 0, 0, 0, 1, 0, 0, 1, 0, 1, G, 0, i6, 1, minor, 1, G5
135, 0, 0, 1, 0, 0, 0, 1, 0, 0, 1, 0, 0, 1, G, 0, V64, 5, major, 2, D5
135, 0, 0, 1, 0, 0, 0, 0, 1, 0, 0, 1, 0, 1, G, 0, i, 1, minor, 0, G4
135, 0, 1, 0, 0, 1, 0, 0, 1, 0, 0, 1, 0, 2, D, 1, viio7/V, 7, diminished, 0, C#5, G, 0, V, 5, major, 0, D5
135, 0, 0, 1, 0, 0, 0, 1, 0, 0, 1, 0, 0, 1, G, 0, V, 5, major, 0, D5
136, 1, 0, 0, 1, 0, 0, 1, 0, 0, 1, 0, 0, 1, G, 0, viio42, 7, diminished, 3, F#5
136, 0, 0, 1, 0, 0, 0, 1, 0, 0, 1, 0, 0, 1, G, 0, V, 5, major, 0, D5
136, 1, 0, 0, 1, 0, 0, 1, 0, 0, 1, 0, 0, 1, G, 0, viio43, 7, diminished, 2, F#5
136, 1, 0, 0, 1, 0, 0, 1, 0, 0, 1, 0, 0, 1, G, 0, viio43, 7, diminished, 2, F#5
136, 0, 0, 1, 0, 0, 0, 0, 1, 0, 0, 1, 0, 1, G, 0, i6, 1, minor, 1, G5
137, 1, 0, 0, 1, 0, 0, 1, 0, 0, 1, 0, 0, 1, G, 0, viio42, 7, diminished, 3, F#5
137, 0, 0, 1, 0, 0, 0, 1, 0, 0, 1, 0, 0, 1, G, 0, V, 5, major, 0, D5
137, 1, 0, 0, 1, 0, 0, 1, 0, 0, 1, 0, 0, 1, G, 0, viio43, 7, diminished, 2, F#5
137, 1, 0, 0, 1, 0, 0, 1, 0, 0, 1, 0, 0, 1, E, 0, viio42, 7, diminished, 3, D#5
137, 0, 0, 0, 0, 1, 0, 0, 1, 0, 0, 0, 1, 1, E, 0, i64, 1, minor, 2, E5
138, 0, 0, 0, 1, 0, 0, 1, 0, 0, 1, 0, 1, 1, E, 0, V7, 5, major, 0, B4
138, 0, 0, 0, 0, 1, 0, 0, 1, 0, 0, 0, 1, 1, E, 0, i64, 1, minor, 2, E5
138, 1, 0, 0, 1, 0, 0, 1, 0, 0, 1, 0, 0, 1, E, 0, viio43, 7, diminished, 2, D#5
138, 0, 0, 0, 1, 0, 0, 1, 0, 0, 1, 0, 1, 1, E, 0, V7, 5, major, 0, B4
139, 0, 0, 0, 0, 1, 0, 0, 1, 0, 0, 0, 1, 1, E, 0, i, 1, minor, 0, E4
139, 0, 0, 0, 1, 0, 0, 1, 0, 0, 1, 0, 0, 1, E, 0, viio64, 7, diminished, 2, D#5
139, 0, 0, 0, 0, 1, 0, 0, 1, 0, 0, 0, 1, 1, E, 0, i6, 1, minor, 1, E5
139, 0, 0, 0, 1, 0, 0, 1, 0, 0, 1, 0, 0, 1, E, 0, viio64, 7, diminished, 2, D#5
140, 0, 0, 0, 0, 1, 0, 0, 1, 0, 0, 0, 1, 1, E, 0, i, 1, minor, 0, E4
140, 0, 0, 0, 1, 0, 0, 1, 0, 0, 1, 0, 0, 1, E, 0, viio, 7, diminished, 0, D#5
140, 0, 0, 0, 0, 1, 0, 0, 1, 0, 0, 0, 1, 1, E, 0, i, 1, minor, 0, E4
140, 0, 0, 0, 1, 0, 0, 1, 0, 0, 1, 0, 0, 1, E, 0, viio64, 7, diminished, 2, D#5
141, 0, 0, 0, 0, 1, 0, 0, 1, 0, 0, 0, 1, 1, E, 0, i, 1, minor, 0, E4
142, 0, 0, 0, 0, 1, 0, 0, 1, 0, 0, 0, 1, 1, E, 0, i, 1, minor, 0, E4
143, 0, 1, 0, 0, 1, 0, 1, 0, 0, 1, 0, 0, 1, E, 0, iihalfdim42, 2, minor, 3, F#4
144, 1, 0, 0, 1, 0, 0, 1, 0, 0, 1, 0, 0, 1, E, 0, viio7, 7, diminished, 0, D#5
