1, 1, 0, 0, 1, 0, 0, 0, 1, 0, 0, 0, 0, 1, C, 0, i, 1, minor, 0, C4
1, 1, 0, 0, 1, 0, 0, 0, 1, 0, 0, 0, 0, 1, C, 0, i6, 1, minor, 1, C5
1, 0, 0, 1, 0, 0, 0, 0, 1, 0, 0, 0, 1, 1, C, 0, V64, 5, major, 2, G4
1, 1, 0, 0, 1, 0, 0, 0, 1, 0, 0, 0, 0, 1, C, 0, i, 1, minor, 0, C4
1, 1, 0, 0, 1, 0, 0, 1, 0, 0, 1, 0, 0, 2, G, 1, viio7/V, 7, diminished, 0, F#5, C, 0, V, 5, major, 0, G4
1, 0, 0, 1, 0, 0, 0, 0, 1, 0, 0, 0, 1, 1, C, 0, V, 5, major, 0, G4
2, 0, 0, 1, 0, 0, 1, 0, 0, 1, 0, 0, 1, 1, C, 0, viio42, 7, diminished, 3, B4
2, 0, 0, 1, 0, 0, 0, 0, 1, 0, 0, 0, 1, 1, C, 0, V, 5, major, 0, G4
2, 0, 0, 1, 0, 0, 1, 0, 0, 1, 0, 0, 1, 1, C, 0, viio43, 7, diminished, 2, B4
2, 0, 0, 1, 0, 0, 1, 0, 0, 1, 0, 0, 1, 1, C, 0, viio43, 7, diminished, 2, B4
2, 1, 0, 0, 1, 0, 0, 0, 1, 0, 0, 0, 0, 1, C, 0, i6, 1, minor, 1, C5
3, 1, 0, 0, 1, 0, 0, 1, 0, 0, 1, 0, 0, 2, G, 1, viio42/V, 7, diminished, 3, F#5, C, 0, V, 5, major, 0, G4
3, 0, 0, 1, 0, 0, 0, 1, 0, 0, 1, 0, 0, 2, G, 1, V/V, 5, major, 0, D5, C, 0, V, 5, major, 0, G4
3, 1, 0, 0, 1, 0, 0, 1, 0, 0, 1, 0, 0, 2, G, 1, viio43/V, 7, diminished, 2, F#5, C, 0, V, 5, major, 0, G4
3, 0, 0, 1, 0, 0, 0, 0, 1, 0, 0, 0, 1, 1, C, 0, V6, 5, major, 1, G5
3, 1, 0, 0, 1, 0, 0, 1, 0, 0, 1, 0, 0, 2, G, 1, viio42/V, 7, diminished, 3, F#5, C, 0, V, 5, major, 0, G4
3, 0, 0, 1, 0, 0, 0, 1, 0, 0, 1, 0, 0, 2, G, 1, V/V, 5, major, 0, D5, C, 0, V, 5, major, 0, G4
3, 1, 0, 0, 1, 0, 0, 1, 0, 0, 1, 0, 0, 2, G, 1, viio43/V, 7, diminished, 2, F#5, C, 0, V, 5, major, 0, G4
4, 1, 0, 0, 1, 0, 0, 1, 0, 0, 1, 0, 0, 2, G, 1, viio43/V, 7, diminished, 2, F#5, C, 0, V, 5, major, 0, G4
4, 0, 0, 1, 0, 0, 0, 0, 1, 0, 0, 0, 1, 2, C, 0, V6/vi, 5, major, 1, G5, Eb, 1, vi, 6, minor, 0, C5
4, 1, 0, 0, 0, 1, 0, 0, 1, 0, 0, 1, 0, 2, F, 0, V42/ii, 5, major, 3, C5, Eb, 1, ii, 2, minor, 0, F4
4, 1, 0, 0, 0, 0, 1, 0, 0, 1, 0, 0, 0, 1, Eb, 1, ii6, 2, minor, 1, F5
4, 0, 0, 0, 1, 0, 0, 0, 1, 0, 0, 1, 0, 1, Eb, 1, I64, 1, major, 2, Eb5
4, 0, 0, 1, 0, 0, 1, 0, 0, 1, 0, 1, 0, 1, Eb, 1, V7, 5, major, 0, Bb4
5, 0, 0, 0, 1, 0, 0, 0, 1, 0, 0, 1, 0, 1, Eb, 1, I, 1, major, 0, Eb4
5, 1, 0, 0, 1, 0, 1, 0, 0, 1, 0, 0, 0, 1, Eb, 1, ii42, 2, minor, 3, F4
5, 0, 0, 1, 0, 0, 1, 0, 0, 1, 0, 0, 1, 2, C, 0, viio65/vi, 7, diminished, 1, B4, Eb, 1, vi, 6, minor, 0, C5
5, 1, 0, 0, 0, 0, 1, 0, 0, 1, 0, 0, 0, 1, Eb, 1, ii64, 2, minor, 2, F5
6, 0, 0, 1, 0, 0, 1, 0, 0, 1, 0, 0, 1, 2, C, 0, viio7/vi, 7, diminished, 0, B4, Eb, 1, vi, 6, minor, 0, C5
6, 0, 0, 1, 0, 0, 1, 0, 0, 1, 0, 1, 0, 2, Eb, 1, V7/III, 5, major, 0, Bb4, C, 0, III, 3, major, 0, Eb4
6, 0, 1, 0, 0, 1, 0, 0, 1, 0, 0, 1, 0, 2, D, 0, viio42/ii, 7, diminished, 3, C#5, C, 0, ii, 2, minor, 0, D4
6, 0, 1, 0, 0, 1, 0, 0, 0, 0, 1, 0, 0, 2, D, 0, V/ii, 5, major, 0, A4, C, 0, ii, 2, minor, 0, D4
6, 0, 1, 0, 0, 1, 0, 0, 1, 0, 0, 1, 0, 2, D, 0, viio43/ii, 7, diminished, 2, C#5, C, 0, ii, 2, minor, 0, D4
7, 1, 0, 1, 0, 0, 0, 1, 0, 0, 1, 0, 0, 2, G, 1, V65/V, 5, major, 1, D6, C, 0, V, 5, major, 0, G4
7, 0, 0, 1, 0, 0, 1, 0, 0, 1, 0, 0, 1, 1, C, 0, viio43, 7, diminished, 2, B4
7, 0, 0, 1, 0, 0, 1, 0, 0, 0, 0, 0, 1, 1, C, 0, viio6, 7, diminished, 1, B4
8, 0, 0, 1, 0, 0, 1, 0, 0, 1, 0, 0, 1, 1, C, 0, viio7, 7, diminished, 0, B4
8, 0, 0, 1, 0, 0, 1, 0, 0, 1, 0, 0, 1, 1, C, 0, viio42, 7, diminished, 3, B4
8, 0, 0, 1, 0, 0, 1, 0, 1, 0, 0, 0, 1, 1, C, 0, V7, 5, major, 0, G4
8, 1, 0, 0, 0, 0, 1, 0, 0, 1, 0, 0, 0, 1, C, 0, iv6, 4, minor, 1, F5
9, 0, 0, 1, 0, 0, 1, 0, 1, 0, 0, 0, 1, 1, C, 0, V7, 5, major, 0, G4
9, 1, 0, 0, 1, 0, 0, 0, 0, 1, 0, 0, 0, 1, C, 0, VI, 6, major, 0, Ab4
10, 1, 0, 0, 1, 0, 0, 0, 0, 1, 0, 0, 0, 1, C, 0, VI, 6, major, 0, Ab4
10, 1, 0, 1, 0, 0, 1, 0, 0, 0, 1, 0, 0, 1, C, 0, iihalfdim65, 2, minor, 1, D5
10, 1, 0, 0, 1, 0, 0, 0, 1, 0, 0, 0, 0, 1, C, 0, i64, 1, minor, 2, C5
10, 0, 0, 1, 0, 0, 1, 0, 1, 0, 0, 0, 1, 1, C, 0, V7, 5, major, 0, G4
11, 1, 0, 0, 1, 0, 0, 0, 1, 0, 0, 0, 0, 1, C, 0, i, 1, minor, 0, C4
11, 0, 0, 0, 0, 1, 0, 0, 1, 0, 0, 1, 0, 2, F, 0, viio64/iv, 7, diminished, 2, E5, C, 0, iv, 4, minor, 0, F4
12, 1, 0, 0, 0, 0, 1, 0, 0, 1, 0, 0, 0, 1, C, 0, iv6, 4, minor, 1, F5
12, 0, 0, 0, 0, 1, 0, 0, 1, 0, 0, 1, 0, 2, F, 0, viio/iv, 7, diminished, 0, E5, C, 0, iv, 4, minor, 0, F4
12, 1, 0, 0, 0, 0, 1, 0, 0, 1, 0, 0, 0, 1, C, 0, iv, 4, minor, 0, F4
12, 0, 0, 1, 0, 0, 1, 0, 0, 0, 0, 0, 1, 1, C, 0, viio6, 7, diminished, 1, B4
13, 1, 0, 0, 1, 0, 0, 0, 1, 0, 0, 0, 0, 1, C, 0, i, 1, minor, 0, C4
13, 1, 0, 0, 0, 1, 0, 0, 1, 0, 0, 0, 0, 1, C, 0, I, 1, major, 0, C4
13, 0, 0, 0, 0, 1, 0, 0, 1, 0, 0, 1, 0, 2, F, 0, viio64/iv, 7, diminished, 2, E5, C, 0, iv, 4, minor, 0, F4
14, 0, 0, 0, 0, 1, 0, 0, 1, 0, 0, 1, 0, 2, F, 0, viio64/iv, 7, diminished, 2, E5, C, 0, iv, 4, minor, 0, F4
15, 1, 0, 0, 1, 0, 0, 0, 1, 0, 0, 0, 0, 1, C, 0, i, 1, minor, 0, C4
15, 0, 0, 1, 0, 0, 1, 0, 1, 0, 0, 0, 1, 1, C, 0, V43, 5, major, 2, G4
16, 1, 0, 0, 1, 0, 0, 0, 1, 0, 0, 0, 0, 1, C, 0, i6, 1, minor, 1, C5
16, 0, 0, 1, 0, 0, 1, 0, 0, 1, 0, 0, 0, 1, C, 0, iio6, 2, diminished, 1, D5
17, 1, 0, 0, 1, 0, 0, 0, 1, 0, 0, 0, 0, 1, C, 0, i64, 1, minor, 2, C5
17, 1, 0, 0, 1, 0, 0, 1, 0, 1, 0, 0, 0, 1, C, 0, Ger65, 4, other, 1, F#5
18, 1, 0, 0, 1, 0, 0, 1, 0, 0, 1, 0, 0, 2, G, 1, viio7/V, 7, diminished, 0, F#5, C, 0, V, 5, major, 0, G4
18, 0, 0, 1, 0, 0, 1, 0, 1, 0, 0, 0, 1, 1, C, 0, V7, 5, major, 0, G4
19, 0, 0, 1, 0, 0, 1, 0, 1, 0, 0, 0, 1, 1, C, 0, V7, 5, major, 0, G4
20, 0, 0, 1, 0, 0, 1, 0, 1, 0, 0, 0, 1, 1, C, 0, V7, 5, major, 0, G4
21, 0, 0, 1, 0, 0, 1, 0, 1, 0, 0, 0, 1, 1, C, 0, V7, 5, major, 0, G4
22, 0, 0, 1, 0, 0, 1, 0, 1, 0, 0, 0, 1, 1, C, 0, V7, 5, major, 0, G4
23, 0, 0, 1, 0, 0, 1, 0, 1, 0, 0, 0, 1, 1, C, 0, V7, 5, major, 0, G4
24, 0, 0, 1, 0, 0, 1, 0, 1, 0, 0, 0, 1, 1, C, 0, V7, 5, major, 0, G4
25, 0, 0, 1, 0, 0, 1, 0, 1, 0, 0, 0, 1, 1, C, 0, V7, 5, major, 0, G4
26, 1, 0, 0, 1, 0, 0, 1, 0, 0, 1, 0, 0, 2, G, 1, viio7/V, 7, diminished, 0, F#5, C, 0, V, 5, major, 0, G4
27, 0, 0, 1, 0, 0, 0, 0, 1, 0, 0, 0, 1, 1, C, 0, V, 5, major, 0, G4
28, 1, 0, 0, 1, 0, 0, 0, 1, 0, 0, 0, 0, 1, C, 0, i64, 1, minor, 2, C5
29, 0, 0, 1, 0, 0, 1, 0, 1, 0, 0, 0, 1, 1, C, 0, V43, 5, major, 2, G4
30, 1, 0, 0, 1, 0, 0, 0, 1, 0, 0, 0, 0, 1, C, 0, i64, 1, minor, 2, C5
30, 1, 0, 0, 1, 0, 0, 1, 0, 1, 0, 0, 0, 1, C, 0, Ger65, 4, other, 1, F#5
31, 1, 0, 0, 1, 0, 0, 1, 0, 1, 0, 0, 0, 1, C, 0, Ger65, 4, other, 1, F#5
32, 1, 0, 0, 1, 0, 0, 1, 0, 1, 0, 0, 0, 1, C, 0, Ger65, 4, other, 1, F#5
33, 1, 0, 0, 1, 0, 0, 1, 0, 1, 0, 0, 0, 1, C, 0, Ger65, 4, other, 1, F#5
34, 1, 0, 0, 1, 0, 0, 1, 0, 1, 0, 0, 0, 1, C, 0, Ger65, 4, other, 1, F#5
35, 0, 0, 1, 0, 0, 0, 0, 1, 0, 0, 0, 1, 1, G, 1, I, 1, major, 0, G4
35, 1, 0, 0, 0, 0, 0, 1, 0, 0, 1, 0, 0, 1, G, 1, viio, 7, diminished, 0, F#5
35, 0, 0, 1, 0, 0, 0, 0, 1, 0, 0, 0, 1, 1, G, 1, I, 1, major, 0, G4
35, 1, 0, 0, 0, 0, 0, 1, 0, 0, 1, 0, 0, 1, G, 1, viio, 7, diminished, 0, F#5
36, 0, 0, 1, 0, 0, 0, 0, 1, 0, 0, 0, 1, 1, G, 1, I, 1, major, 0, G4
36, 1, 0, 0, 0, 0, 0, 1, 0, 0, 1, 0, 0, 1, G, 1, viio64, 7, diminished, 2, F#5
36, 0, 0, 1, 0, 0, 0, 0, 1, 0, 0, 0, 1, 1, G, 1, I6, 1, major, 1, G5
36, 1, 0, 0, 0, 0, 0, 1, 0, 0, 1, 0, 0, 1, G, 1, viio, 7, diminished, 0, F#5
37, 0, 0, 1, 0, 0, 0, 0, 1, 0, 0, 0, 1, 1, G, 1, I, 1, major, 0, G4
38, 0, 1, 0, 1, 0, 0, 0, 1, 0, 0, 1, 0, 1, Ab, 1, V65, 5, major, 1, Eb6
39, 1, 0, 0, 1, 0, 0, 0, 0, 1, 0, 0, 0, 1, Ab, 1, I, 1, major, 0, Ab4
39, 0, 1, 0, 0, 0, 0, 0, 1, 0, 0, 1, 0, 1, Ab, 1, viio, 7, diminished, 0, G5
39, 1, 0, 0, 1, 0, 0, 0, 0, 1, 0, 0, 0, 1, Ab, 1, I, 1, major, 0, Ab4
39, 0, 1, 0, 0, 0, 0, 0, 1, 0, 0, 1, 0, 1, Ab, 1, viio, 7, diminished, 0, G5
40, 0, 1, 0, 0, 0, 0, 0, 1, 0, 0, 1, 0, 1, Ab, 1, viio, 7, diminished, 0, G5
41, 0, 1, 0, 0, 0, 0, 0, 1, 0, 0, 1, 0, 1, Ab, 1, viio, 7, diminished, 0, G5
42, 1, 0, 0, 1, 0, 0, 1, 0, 0, 1, 0, 0, 1, Bb, 1, viio7, 7, diminished, 0, A5
43, 1, 0, 0, 1, 0, 0, 1, 0, 0, 1, 0, 0, 1, Bb, 1, viio7, 7, diminished, 0, A5
44, 1, 0, 0, 1, 0, 0, 1, 0, 0, 1, 0, 0, 1, Bb, 1, viio7, 7, diminished, 0, A5
45, 0, 0, 1, 0, 0, 1, 0, 0, 0, 0, 1, 0, 1, Bb, 1, I, 1, major, 0, Bb4
45, 1, 0, 0, 1, 0, 0, 0, 0, 0, 1, 0, 0, 1, Bb, 1, viio, 7, diminished, 0, A5
46, 0, 0, 1, 0, 0, 1, 0, 0, 0, 0, 1, 0, 1, Bb, 1, I, 1, major, 0, Bb4
46, 1, 0, 0, 1, 0, 0, 0, 0, 0, 1, 0, 0, 1, Bb, 1, viio, 7, diminished, 0, A5
47, 0, 0, 1, 0, 0, 1, 0, 0, 0, 0, 1, 0, 1, Bb, 1, I, 1, major, 0, Bb4
47, 1, 0, 0, 1, 0, 0, 0, 0, 0, 1, 0, 0, 1, Bb, 1, viio, 7, diminished, 0, A5
48, 0, 0, 1, 0, 0, 1, 0, 0, 0, 0, 1, 0, 1, Bb, 1, I, 1, major, 0, Bb4
48, 1, 0, 0, 1, 0, 0, 0, 0, 0, 1, 0, 0, 1, Bb, 1, viio, 7, diminished, 0, A5
49, 0, 0, 1, 0, 0, 1, 0, 0, 0, 0, 1, 0, 1, Bb, 1, I, 1, major, 0, Bb4
