145, 1, 0, 1, 0, 0, 0, 1, 0, 0, 1, 0, 0, 1, G, 0, V7, 5, major, 0, D5
145, 0, 1, 0, 0, 1, 0, 0, 1, 0, 0, 0, 0, 2, D, 1, viio64/V, 7, diminished, 2, C#5, G, 0, V, 5, major, 0, D5
145, 0, 0, 1, 0, 0, 0, 1, 0, 0, 1, 0, 0, 1, G, 0, V6, 5, major, 1, D6
145, 0, 1, 0, 0, 1, 0, 0, 1, 0, 0, 0, 0, 2, D, 1, viio64/V, 7, diminished, 2, C#5, G, 0, V, 5, major, 0, D5
146, 0, 0, 1, 0, 0, 0, 1, 0, 0, 1, 0, 0, 1, G, 0, V6, 5, major, 1, D6
146, 0, 1, 0, 0, 1, 0, 0, 1, 0, 0, 0, 0, 2, D, 1, viio/V, 7, diminished, 0, C#5, G, 0, V, 5, major, 0, D5
146, 0, 0, 1, 0, 0, 0, 1, 0, 0, 1, 0, 0, 1, G, 0, V, 5, major, 0, D5
146, 0, 1, 0, 0, 1, 0, 0, 1, 0, 0, 0, 0, 2, D, 1, viio64/V, 7, diminished, 2, C#5, G, 0, V, 5, major, 0, D5
147, 0, 0, 1, 0, 0, 0, 1, 0, 0, 1, 0, 0, 1, G, 0, V, 5, major, 0, D5
148, 0, 0, 1, 0, 0, 0, 1, 0, 0, 1, 0, 0, 1, G, 0, V, 5, major, 0, D5
149, 0, 0, 1, 0, 0, 0, 0, 1, 0, 0, 1, 0, 1, G, 0, i64, 1, minor, 2, G5
150, 0, 1, 0, 0, 0, 0, 0, 1, 0, 0, 1, 0, 1, F, 0, iio64, 2, diminished, 2, G5
151, 1, 0, 0, 0, 1, 0, 0, 1, 0, 0, 1, 0, 1, F, 0, V7, 5, major, 0, C5
152, 1, 0, 0, 0, 1, 0, 0, 1, 0, 0, 1, 0, 1, F, 0, V7, 5, major, 0, C5
153, 1, 0, 0, 0, 1, 0, 0, 1, 0, 0, 1, 0, 1, F, 0, V7, 5, major, 0, C5
154, 1, 0, 0, 0, 1, 0, 0, 1, 0, 0, 1, 0, 1, F, 0, V7, 5, major, 0, C5
155, 1, 0, 0, 0, 0, 1, 0, 0, 0, 1, 0, 0, 2, Bb, 0, V/iv, 5, major, 0, F5, F, 0, iv, 4, minor, 0, Bb4
156, 1, 0, 0, 0, 0, 1, 0, 0, 0, 1, 0, 0, 2, Bb, 0, V/iv, 5, major, 0, F5, F, 0, iv, 4, minor, 0, Bb4
157, 1, 0, 0, 0, 0, 1, 0, 0, 0, 1, 0, 0, 2, Bb, 0, V/iv, 5, major, 0, F5, F, 0, iv, 4, minor, 0, Bb4
158, 1, 0, 0, 0, 0, 1, 0, 0, 0, 1, 0, 0, 2, Bb, 0, V/iv, 5, major, 0, F5, F, 0, iv, 4, minor, 0, Bb4
159, 0, 0, 1, 0, 0, 1, 0, 0, 1, 0, 0, 1, 2, C, 1, viio7/V, 7, diminished, 0, B4, F, 0, V, 5, major, 0, C5
160, 0, 0, 1, 0, 0, 1, 0, 0, 1, 0, 0, 1, 2, C, 1, viio7/V, 7, diminished, 0, B4, F, 0, V, 5, major, 0, C5
161, 0, 0, 1, 0, 0, 1, 0, 0, 1, 0, 0, 1, 2, C, 1, viio7/V, 7, diminished, 0, B4, F, 0, V, 5, major, 0, C5
162, 0, 0, 1, 0, 0, 1, 0, 1, 0, 0, 0, 1, 2, C, 1, V7/V, 5, major, 0, G4, F, 0, V, 5, major, 0, C5
163, 0, 1, 0, 0, 1, 0, 0, 1, 0, 0, 1, 0, 1, F, 0, viio43, 7, diminished, 2, E5
164, 1, 0, 0, 0, 1, 0, 0, 1, 0, 0, 1, 0, 1, F, 0, V65, 5, major, 1, C6
165, 1, 0, 0, 0, 0, 1, 0, 0, 1, 0, 0, 0, 1, F, 0, i, 1, minor, 0, F4
166, 1, 0, 0, 1, 0, 1, 0, 0, 0, 1, 0, 0, 2, Bb, 0, V7/iv, 5, major, 0, F5, F, 0, iv, 4, minor, 0, Bb4
167, 1, 0, 0, 1, 0, 0, 1, 0, 0, 1, 0, 0, 2, G, 1, viio7/V, 7, diminished, 0, F#5, C, 0, V, 5, major, 0, G4
168, 1, 0, 0, 1, 0, 0, 1, 0, 0, 1, 0, 0, 2, G, 1, viio7/V, 7, diminished, 0, F#5, C, 0, V, 5, major, 0, G4
169, 0, 0, 1, 0, 0, 1, 0, 1, 0, 0, 0, 1, 1, C, 0, V7, 5, major, 0, G4
170, 0, 0, 1, 0, 0, 1, 0, 1, 0, 0, 0, 1, 1, C, 0, V7, 5, major, 0, G4
171, 0, 0, 1, 0, 0, 1, 0, 1, 0, 0, 0, 1, 1, C, 0, V7, 5, major, 0, G4
172, 0, 0, 1, 0, 0, 1, 0, 1, 0, 0, 0, 1, 1, C, 0, V7, 5, major, 0, G4
173, 0, 0, 1, 0, 0, 1, 0, 1, 0, 0, 0, 1, 1, C, 0, V7, 5, major, 0, G4
173, 0, 1, 0, 0, 1, 0, 0, 1, 0, 0, 0, 0, 2, D, 0, viio6/ii, 7, diminished, 1, C#5, C, 0, ii, 2, minor, 0, D4
173, 0, 0, 1, 0, 0, 1, 0, 0, 0, 1, 0, 0, 1, C, 0, ii6, 2, minor, 1, D5
173, 0, 1, 0, 0, 1, 0, 0, 1, 0, 0, 0, 0, 2, D, 0, viio6/ii, 7, diminished, 1, C#5, C, 0, ii, 2, minor, 0, D4
174, 0, 0, 1, 0, 0, 1, 0, 0, 0, 1, 0, 0, 1, C, 0, ii6, 2, minor, 1, D5
174, 0, 1, 0, 0, 1, 0, 0, 1, 0, 0, 0, 0, 2, D, 0, viio/ii, 7, diminished, 0, C#5, C, 0, ii, 2, minor, 0, D4
174, 0, 0, 1, 0, 0, 1, 0, 0, 0, 1, 0, 0, 1, C, 0, ii, 2, minor, 0, D4
174, 0, 1, 0, 0, 1, 0, 0, 1, 0, 0, 0, 0, 2, D, 0, viio6/ii, 7, diminished, 1, C#5, C, 0, ii, 2, minor, 0, D4
175, 0, 0, 1, 0, 0, 1, 0, 1, 0, 0, 0, 1, 1, C, 0, V7, 5, major, 0, G4
176, 1, 0, 0, 1, 0, 0, 1, 0, 0, 1, 0, 0, 2, G, 1, viio7/V, 7, diminished, 0, F#5, C, 0, V, 5, major, 0, G4
177, 1, 0, 0, 1, 0, 0, 1, 0, 0, 1, 0, 0, 2, G, 1, viio7/V, 7, diminished, 0, F#5, C, 0, V, 5, major, 0, G4
178, 1, 0, 0, 1, 0, 0, 1, 0, 0, 1, 0, 0, 2, G, 1, viio7/V, 7, diminished, 0, F#5, C, 0, V, 5, major, 0, G4
179, 1, 0, 0, 1, 0, 0, 1, 0, 0, 1, 0, 0, 2, G, 1, viio7/V, 7, diminished, 0, F#5, C, 0, V, 5, major, 0, G4
180, 1, 0, 0, 1, 0, 0, 1, 0, 0, 1, 0, 0, 2, G, 1, viio7/V, 7, diminished, 0, F#5, C, 0, V, 5, major, 0, G4
181, 1, 0, 0, 1, 0, 0, 1, 0, 0, 1, 0, 0, 2, G, 1, viio7/V, 7, diminished, 0, F#5, C, 0, V, 5, major, 0, G4
182, 1, 0, 0, 1, 0, 0, 1, 0, 0, 1, 0, 0, 2, G, 1, viio7/V, 7, diminished, 0, F#5, C, 0, V, 5, major, 0, G4
183, 1, 0, 0, 1, 0, 0, 1, 0, 0, 1, 0, 0, 2, G, 1, viio7/V, 7, diminished, 0, F#5, C, 0, V, 5, major, 0, G4
184, 1, 0, 0, 1, 0, 0, 1, 0, 0, 1, 0, 0, 2, G, 1, viio7/V, 7, diminished, 0, F#5, C, 0, V, 5, major, 0, G4
185, 1, 0, 0, 1, 0, 0, 1, 0, 0, 1, 0, 0, 2, G, 1, viio7/V, 7, diminished, 0, F#5, C, 0, V, 5, major, 0, G4
186, 1, 0, 0, 1, 0, 0, 1, 0, 0, 1, 0, 0, 2, G, 1, viio7/V, 7, diminished, 0, F#5, C, 0, V, 5, major, 0, G4
187, 1, 0, 0, 1, 0, 0, 1, 0, 0, 1, 0, 0, 2, G, 1, viio7/V, 7, diminished, 0, F#5, C, 0, V, 5, major, 0, G4
188, 1, 0, 0, 1, 0, 0, 1, 0, 0, 1, 0, 0, 2, G, 1, viio7/V, 7, diminished, 0, F#5, C, 0, V, 5, major, 0, G4
189, 0, 0, 1, 0, 0, 1, 0, 1, 0, 0, 0, 1, 1, C, 0, V7, 5, major, 0, G4
190, 0, 0, 1, 0, 0, 1, 0, 1, 0, 0, 0, 1, 1, C, 0, V7, 5, major, 0, G4
191, 0, 0, 1, 0, 0, 1, 0, 1, 0, 0, 0, 1, 1, C, 0, V7, 5, major, 0, G4
192, 0, 0, 1, 0, 0, 1, 0, 1, 0, 0, 0, 1, 1, C, 0, V7, 5, major, 0, G4
193, 0, 0, 1, 0, 0, 1, 0, 1, 0, 0, 0, 1, 1, C, 0, V7, 5, major, 0, G4
194, 0, 0, 1, 0, 0, 1, 0, 1, 0, 0, 0, 1, 1, C, 0, V7, 5, major, 0, G4
195, 0, 0, 1, 0, 0, 1, 0, 1, 0, 0, 0, 1, 1, C, 0, V7, 5, major, 0, G4
196, 0, 0, 1, 0, 0, 1, 0, 1, 0, 0, 0, 1, 1, C, 0, V7, 5, major, 0, G4
197, 0, 0, 1, 0, 0, 1, 0, 1, 0, 0, 0, 1, 1, C, 0, V7, 5, major, 0, G4
198, 0, 0, 1, 0, 0, 1, 0, 1, 0, 0, 0, 1, 1, C, 0, V7, 5, major, 0, G4
199, 0, 0, 1, 0, 0, 1, 0, 1, 0, 0, 0, 1, 1, C, 0, V7, 5, major, 0, G4
200, 0, 0, 1, 0, 0, 1, 0, 1, 0, 0, 0, 1, 1, C, 0, V7, 5, major, 0, G4
201, 0, 0, 1, 0, 0, 1, 0, 1, 0, 0, 0, 1, 1, C, 0, V7, 5, major, 0, G4
202, 0, 0, 1, 0, 0, 1, 0, 1, 0, 0, 0, 1, 1, C, 0, V7, 5, major, 0, G4
203, 0, 0, 1, 0, 0, 1, 0, 1, 0, 0, 0, 1, 1, C, 0, V7, 5, major, 0, G4
204, 0, 0, 1, 0, 0, 1, 0, 1, 0, 0, 0, 1, 1, C, 0, V7, 5, major, 0, G4
205, 0, 0, 1, 0, 0, 1, 0, 1, 0, 0, 0, 1, 1, C, 0, V7, 5, major, 0, G4
206, 0, 0, 1, 0, 0, 1, 0, 1, 0, 0, 0, 1, 1, C, 0, V7, 5, major, 0, G4
207, 0, 0, 1, 0, 0, 1, 0, 1, 0, 0, 0, 1, 1, C, 0, V7, 5, major, 0, G4
208, 0, 0, 1, 0, 0, 1, 0, 1, 0, 0, 0, 1, 1, C, 0, V7, 5, major, 0, G4
209, 1, 0, 0, 1, 0, 0, 0, 1, 0, 0, 0, 0, 1, C, 0, i, 1, minor, 0, C4
209, 1, 0, 0, 1, 0, 0, 0, 0, 1, 0, 0, 0, 1, Db, 1, V6, 5, major, 1, Ab5
210, 0, 1, 0, 0, 0, 1, 0, 0, 1, 0, 0, 0, 1, Db, 1, I, 1, major, 0, Db4
210, 1, 0, 0, 1, 0, 0, 1, 0, 0, 0, 0, 0, 1, Db, 1, viio6, 7, diminished, 1, C5
211, 0, 1, 0, 0, 0, 1, 0, 0, 1, 0, 0, 0, 1, Db, 1, I6, 1, major, 1, Db5
211, 0, 1, 0, 0, 0, 0, 1, 0, 0, 0, 1, 0, 1, Db, 1, IV, 4, major, 0, Gb4
212, 0, 1, 0, 0, 0, 1, 0, 0, 1, 0, 0, 0, 1, Db, 1, I64, 1, major, 2, Db5
212, 1, 0, 0, 1, 0, 0, 0, 0, 1, 0, 0, 0, 1, Db, 1, V, 5, major, 0, Ab4
213, 0, 0, 1, 0, 0, 1, 0, 0, 1, 0, 1, 0, 1, Eb, 0, V42, 5, major, 3, Bb4
213, 0, 0, 1, 0, 0, 1, 0, 0, 0, 0, 1, 0, 1, Eb, 0, V6, 5, major, 1, Bb5
214, 0, 0, 0, 1, 0, 0, 1, 0, 0, 0, 1, 0, 1, Eb, 0, i, 1, minor, 0, Eb4
214, 0, 0, 1, 0, 0, 1, 0, 0, 1, 0, 0, 0, 1, Eb, 0, viio6, 7, diminished, 1, D5
215, 0, 0, 0, 1, 0, 0, 1, 0, 0, 0, 1, 0, 1, Eb, 0, i6, 1, minor, 1, Eb5
215, 0, 0, 0, 1, 0, 0, 0, 0, 1, 0, 0, 1, 1, Eb, 0, iv, 4, minor, 0, Ab4
216, 0, 0, 0, 1, 0, 0, 1, 0, 0, 0, 1, 0, 1, Eb, 0, i64, 1, minor, 2, Eb5
216, 0, 0, 1, 0, 0, 1, 0, 0, 0, 0, 1, 0, 1, Eb, 0, V, 5, major, 0, Bb4
217, 1, 0, 0, 0, 1, 0, 0, 1, 0, 0, 1, 0, 1, F, 0, V42, 5, major, 3, C5
217, 1, 0, 0, 0, 1, 0, 0, 1, 0, 0, 0, 0, 1, F, 0, V6, 5, major, 1, C6
218, 1, 0, 0, 0, 0, 1, 0, 0, 1, 0, 0, 0, 1, F, 0, i, 1, minor, 0, F4
218, 0, 0, 0, 0, 1, 0, 0, 1, 0, 0, 1, 0, 1, F, 0, viio6, 7, diminished, 1, E5
219, 1, 0, 0, 0, 0, 1, 0, 0, 1, 0, 0, 0, 1, F, 0, i6, 1, minor, 1, F5
219, 0, 1, 0, 0, 0, 1, 0, 0, 0, 0, 1, 0, 1, F, 0, iv, 4, minor, 0, Bb4
220, 1, 0, 0, 0, 0, 1, 0, 0, 1, 0, 0, 0, 1, F, 0, i64, 1, minor, 2, F5
220, 0, 1, 0, 0, 0, 1, 0, 0, 0, 0, 0, 1, 1, F, 0, It6, 4, other, 1, B5
221, 1, 0, 0, 0, 1, 0, 0, 1, 0, 0, 0, 0, 1, F, 0, V, 5, major, 0, C5
222, 1, 0, 0, 0, 1, 0, 0, 1, 0, 0, 0, 0, 1, F, 0, V, 5, major, 0, C5
223, 1, 0, 0, 0, 0, 1, 0, 0, 1, 0, 0, 0, 1, F, 0, i, 1, minor, 0, F4
224, 1, 0, 0, 0, 0, 1, 0, 0, 1, 0, 0, 0, 1, F, 0, i, 1, minor, 0, F4
225, 1, 0, 0, 0, 0, 1, 0, 0, 1, 0, 0, 0, 1, F, 0, i, 1, minor, 0, F4
226, 1, 0, 0, 0, 0, 1, 0, 0, 1, 0, 0, 0, 1, F, 0, i, 1, minor, 0, F4
227, 1, 0, 0, 0, 1, 0, 0, 1, 0, 0, 1, 0, 1, F, 0, V7, 5, major, 0, C5
228, 1, 0, 0, 0, 1, 0, 0, 1, 0, 0, 1, 0, 1, F, 0, V7, 5, major, 0, C5
229, 1, 0, 0, 0, 1, 0, 0, 1, 0, 0, 1, 0, 1, F, 0, V7, 5, major, 0, C5
230, 1, 0, 0, 0, 1, 0, 0, 1, 0, 0, 1, 0, 1, F, 0, V7, 5, major, 0, C5
231, 1, 0, 0, 0, 0, 1, 0, 0, 1, 0, 0, 0, 1, F, 0, i, 1, minor, 0, F4
232, 1, 0, 0, 0, 0, 1, 0, 0, 1, 0, 0, 0, 1, F, 0, i, 1, minor, 0, F4
233, 1, 0, 0, 0, 0, 1, 0, 0, 1, 0, 0, 0, 1, F, 0, i6, 1, minor, 1, F5
234, 1, 0, 0, 0, 0, 1, 0, 0, 1, 0, 0, 0, 1, F, 0, i6, 1, minor, 1, F5
235, 0, 0, 1, 0, 0, 1, 0, 1, 0, 0, 0, 1, 1, C, 0, V7, 5, major, 0, G4
236, 0, 0, 1, 0, 0, 1, 0, 1, 0, 0, 0, 1, 1, C, 0, V7, 5, major, 0, G4
237, 0, 0, 1, 0, 0, 1, 0, 1, 0, 0, 0, 1, 1, C, 0, V7, 5, major, 0, G4
238, 0, 0, 1, 0, 0, 1, 0, 1, 0, 0, 0, 1, 1, C, 0, V7, 5, major, 0, G4
239, 1, 0, 0, 1, 0, 0, 0, 1, 0, 0, 0, 0, 1, C, 0, i, 1, minor, 0, C4
240, 1, 0, 0, 1, 0, 0, 0, 1, 0, 0, 0, 0, 1, C, 0, i, 1, minor, 0, C4
241, 1, 0, 0, 1, 0, 0, 0, 1, 0, 0, 0, 0, 1, C, 0, i, 1, minor, 0, C4
242, 1, 0, 0, 1, 0, 0, 0, 1, 0, 0, 0, 0, 1, C, 0, i, 1, minor, 0, C4
243, 0, 0, 1, 0, 0, 1, 0, 1, 0, 0, 0, 1, 1, C, 0, V7, 5, major, 0, G4
244, 0, 0, 1, 0, 0, 1, 0, 1, 0, 0, 0, 1, 1, C, 0, V7, 5, major, 0, G4
245, 0, 0, 1, 0, 0, 1, 0, 1, 0, 0, 0, 1, 1, C, 0, V7, 5, major, 0, G4
246, 0, 0, 1, 0, 0, 1, 0, 1, 0, 0, 0, 1, 1, C, 0, V7, 5, major, 0, G4
247, 1, 0, 0, 1, 0, 0, 0, 1, 0, 0, 0, 0, 1, Ab, 1, iii, 3, minor, 0, C5
248, 1, 0, 0, 1, 0, 1, 0, 0, 0, 1, 0, 0, 2, Bb, 0, V7/ii, 5, major, 0, F5, Ab, 1, ii, 2, minor, 0, Bb4
249, 0, 1, 0, 0, 0, 1, 0, 0, 0, 0, 1, 0, 1, Ab, 1, ii, 2, minor, 0, Bb4
250, 0, 1, 0, 1, 0, 0, 0, 1, 0, 0, 1, 0, 1, Ab, 1, V7, 5, major, 0, Eb5
251, 1, 0, 0, 1, 0, 0, 0, 0, 1, 0, 0, 0, 1, Ab, 1, I, 1, major, 0, Ab4
252, 1, 0, 0, 1, 0, 0, 1, 0, 1, 0, 0, 0, 1, C, 0, Ger65, 4, other, 1, F#5
253, 1, 0, 0, 1, 0, 0, 0, 1, 0, 0, 0, 0, 1, C, 0, i64, 1, minor, 2, C5
254, 0, 0, 1, 0, 0, 0, 0, 1, 0, 0, 0, 1, 1, C, 0, V, 5, major, 0, G4
255, 1, 0, 0, 1, 0, 0, 0, 1, 0, 0, 0, 0, 1, C, 0, i, 1, minor, 0, C4
256, 1, 0, 0, 1, 0, 0, 0, 1, 0, 0, 0, 0, 1, C, 0, i, 1, minor, 0, C4
257, 0, 1, 0, 0, 1, 0, 0, 1, 0, 0, 1, 0, 1, F, 0, viio43, 7, diminished, 2, E5
258, 0, 1, 0, 0, 1, 0, 0, 1, 0, 0, 1, 0, 1, F, 0, viio43, 7, diminished, 2, E5
259, 1, 0, 0, 0, 0, 1, 0, 0, 1, 0, 0, 0, 1, F, 0, i6, 1, minor, 1, F5
259, 1, 0, 0, 0, 1, 0, 0, 1, 0, 0, 1, 0, 1, F, 0, V42, 5, major, 3, C5
260, 1, 0, 0, 0, 0, 1, 0, 0, 1, 0, 0, 0, 1, F, 0, i6, 1, minor, 1, F5
260, 0, 1, 0, 0, 0, 1, 0, 0, 0, 0, 1, 0, 1, F, 0, iv64, 4, minor, 2, Bb4
261, 1, 0, 0, 0, 0, 1, 0, 0, 1, 0, 0, 0, 1, F, 0, i, 1, minor, 0, F4
261, 1, 0, 0, 1, 0, 0, 0, 0, 0, 1, 0, 0, 2, Bb, 0, viio64/iv, 7, diminished, 2, A5, F, 0, iv, 4, minor, 0, Bb4
262, 0, 0, 1, 0, 0, 1, 0, 1, 0, 0, 0, 1, 2, C, 1, V43/V, 5, major, 2, G4, F, 0, V, 5, major, 0, C5
262, 1, 0, 0, 0, 1, 0, 0, 1, 0, 0, 0, 0, 1, F, 0, V, 5, major, 0, C5
263, 0, 0, 1, 0, 0, 1, 0, 1, 0, 0, 0, 1, 2, C, 1, V65/V, 5, major, 1, G5, F, 0, V, 5, major, 0, C5
263, 0, 0, 0, 0, 1, 0, 0, 1, 0, 0, 1, 0, 1, F, 0, viio64, 7, diminished, 2, E5
264, 1, 0, 0, 0, 0, 1, 0, 0, 1, 0, 0, 0, 1, F, 0, i6, 1, minor, 1, F5
264, 0, 0, 1, 0, 0, 1, 0, 0, 1, 0, 0, 0, 1, C, 0, iio6, 2, diminished, 1, D5
265, 1, 0, 0, 1, 0, 0, 0, 1, 0, 0, 0, 0, 1, C, 0, i64, 1, minor, 2, C5
266, 0, 0, 1, 0, 0, 1, 0, 1, 0, 0, 0, 1, 1, C, 0, V7, 5, major, 0, G4
267, 0, 0, 1, 0, 0, 1, 0, 1, 0, 0, 0, 1, 1, C, 0, V7, 5, major, 0, G4
268, 0, 0, 1, 0, 0, 1, 0, 1, 0, 0, 0, 1, 1, C, 0, V7, 5, major, 0, G4
269, 0, 0, 1, 0, 0, 1, 0, 1, 0, 0, 0, 1, 1, C, 0, V7, 5, major, 0, G4
270, 0, 0, 1, 0, 0, 1, 0, 1, 0, 0, 0, 1, 1, C, 0, V7, 5, major, 0, G4
271, 0, 0, 1, 0, 0, 1, 0, 1, 0, 0, 0, 1, 1, C, 0, V7, 5, major, 0, G4
272, 0, 0, 1, 0, 0, 1, 0, 1, 0, 0, 0, 1, 1, C, 0, V7, 5, major, 0, G4
273, 0, 0, 1, 0, 0, 1, 0, 1, 0, 0, 0, 1, 1, C, 0, V7, 5, major, 0, G4
274, 0, 0, 1, 0, 0, 1, 0, 1, 0, 0, 0, 1, 1, C, 0, V7, 5, major, 0, G4
275, 0, 0, 1, 0, 0, 1, 0, 1, 0, 0, 0, 1, 1, C, 0, V7, 5, major, 0, G4
276, 0, 0, 1, 0, 0, 1, 0, 1, 0, 0, 0, 1, 1, C, 0, V7, 5, major, 0, G4
277, 0, 0, 1, 0, 0, 1, 0, 1, 0, 0, 0, 1, 1, C, 0, V7, 5, major, 0, G4
278, 0, 0, 1, 0, 0, 1, 0, 1, 0, 0, 0, 1, 1, C, 0, V7, 5, major, 0, G4
279, 1, 0, 0, 1, 0, 0, 0, 1, 0, 0, 0, 0, 1, C, 0, i, 1, minor, 0, C4
280, 1, 0, 0, 1, 0, 0, 0, 0, 1, 0, 0, 0, 1, C, 0, VI, 6, major, 0, Ab4
281, 1, 0, 1, 0, 0, 0, 1, 0, 0, 1, 0, 0, 2, G, 1, V65/V, 5, major, 1, D6, C, 0, V, 5, major, 0, G4
282, 0, 0, 1, 0, 0, 1, 0, 1, 0, 0, 0, 1, 1, C, 0, V7, 5, major, 0, G4
283, 1, 0, 0, 1, 0, 0, 0, 1, 0, 0, 0, 0, 1, C, 0, i, 1, minor, 0, C4
284, 1, 0, 0, 1, 0, 0, 0, 0, 1, 0, 0, 0, 1, C, 0, VI, 6, major, 0, Ab4
285, 1, 0, 1, 0, 0, 0, 1, 0, 0, 1, 0, 0, 2, G, 1, V65/V, 5, major, 1, D6, C, 0, V, 5, major, 0, G4
286, 0, 0, 1, 0, 0, 1, 0, 1, 0, 0, 0, 1, 1, C, 0, V7, 5, major, 0, G4
287, 0, 0, 1, 0, 0, 1, 0, 1, 0, 0, 0, 1, 1, C, 0, V7, 5, major, 0, G4
288, 0, 0, 1, 0, 0, 1, 0, 1, 0, 0, 0, 1, 1, C, 0, V7, 5, major, 0, G4
289, 0, 0, 1, 0, 0, 1, 0, 1, 0, 0, 0, 1, 1, C, 0, V7, 5, major, 0, G4
290, 0, 0, 1, 0, 0, 1, 0, 1, 0, 0, 0, 1, 1, C, 0, V7, 5, major, 0, G4
291, 1, 0, 0, 1, 0, 0, 0, 1, 0, 0, 0, 0, 1, C, 0, i, 1, minor, 0, C4
292, 1, 0, 0, 1, 0, 0, 0, 1, 0, 0, 1, 0, 1, C, 0, i42, 1, minor, 3, C5
293, 1, 0, 0, 1, 0, 0, 0, 0, 1, 0, 0, 0, 1, C, 0, VI, 6, major, 0, Ab4
294, 1, 0, 0, 1, 0, 0, 0, 1, 0, 0, 0, 0, 1, C, 0, i64, 1, minor, 2, C5
295, 1, 0, 0, 1, 0, 0, 1, 0, 0, 1, 0, 0, 2, G, 1, viio7/V, 7, diminished, 0, F#5, C, 0, V, 5, major, 0, G4
296, 1, 0, 0, 1, 0, 0, 1, 0, 0, 1, 0, 0, 2, G, 1, viio7/V, 7, diminished, 0, F#5, C, 0, V, 5, major, 0, G4
297, 1, 0, 0, 1, 0, 0, 1, 0, 0, 1, 0, 0, 2, G, 1, viio7/V, 7, diminished, 0, F#5, C, 0, V, 5, major, 0, G4
297, 1, 0, 0, 1, 0, 0, 1, 0, 0, 1, 0, 0, 2, G, 1, viio42/V, 7, diminished, 3, F#5, C, 0, V, 5, major, 0, G4
297, 0, 0, 1, 0, 0, 0, 1, 0, 0, 1, 0, 0, 2, G, 1, V/V, 5, major, 0, D5, C, 0, V, 5, major, 0, G4
297, 1, 0, 0, 1, 0, 0, 1, 0, 0, 1, 0, 0, 2, G, 1, viio43/V, 7, diminished, 2, F#5, C, 0, V, 5, major, 0, G4
297, 1, 0, 0, 1, 0, 0, 1, 0, 0, 1, 0, 0, 2, G, 1, viio43/V, 7, diminished, 2, F#5, C, 0, V, 5, major, 0, G4
297, 0, 0, 1, 0, 0, 0, 0, 1, 0, 0, 0, 1, 1, C, 0, V6, 5, major, 1, G5
298, 0, 0, 1, 0, 0, 0, 0, 1, 0, 0, 0, 1, 1, C, 0, V6, 5, major, 1, G5
298, 0, 0, 1, 0, 0, 1, 0, 0, 1, 0, 0, 1, 1, C, 0, viio42, 7, diminished, 3, B4
298, 0, 0, 1, 0, 0, 0, 0, 1, 0, 0, 0, 1, 1, C, 0, V, 5, major, 0, G4
298, 0, 0, 1, 0, 0, 1, 0, 0, 1, 0, 0, 1, 1, C, 0, viio43, 7, diminished, 2, B4
298, 0, 0, 1, 0, 0, 1, 0, 0, 1, 0, 0, 1, 1, C, 0, viio43, 7, diminished, 2, B4
298, 1, 0, 0, 1, 0, 0, 0, 1, 0, 0, 0, 0, 1, C, 0, i6, 1, minor, 1, C5
299, 1, 0, 0, 1, 0, 0, 0, 1, 0, 0, 0, 0, 1, C, 0, i6, 1, minor, 1, C5
299, 0, 1, 0, 0, 1, 0, 0, 1, 0, 0, 1, 0, 2, F, 0, viio42/iv, 7, diminished, 3, E5, C, 0, iv, 4, minor, 0, F4
299, 1, 0, 0, 1, 0, 0, 0, 1, 0, 0, 0, 0, 1, C, 0, i, 1, minor, 0, C4
299, 0, 1, 0, 0, 1, 0, 0, 1, 0, 0, 1, 0, 2, F, 0, viio43/iv, 7, diminished, 2, E5, C, 0, iv, 4, minor, 0, F4
299, 0, 1, 0, 0, 1, 0, 0, 1, 0, 0, 1, 0, 2, F, 0, viio43/iv, 7, diminished, 2, E5, C, 0, iv, 4, minor, 0, F4
299, 1, 0, 0, 0, 0, 1, 0, 0, 1, 0, 0, 0, 1, C, 0, iv6, 4, minor, 1, F5
299, 1, 0, 0, 0, 1, 0, 0, 1, 0, 0, 1, 0, 2, F, 0, V43/iv, 5, major, 2, C5, C, 0, iv, 4, minor, 0, F4
300, 1, 0, 0, 0, 0, 1, 0, 0, 1, 0, 0, 0, 1, C, 0, iv, 4, minor, 0, F4
300, 1, 0, 0, 1, 0, 0, 0, 1, 0, 0, 0, 0, 1, C, 0, i6, 1, minor, 1, C5
300, 0, 0, 1, 0, 0, 1, 0, 1, 0, 0, 0, 1, 1, C, 0, V43, 5, major, 2, G4
300, 1, 0, 0, 1, 0, 0, 0, 1, 0, 0, 0, 0, 1, C, 0, i, 1, minor, 0, C4
300, 0, 0, 1, 0, 0, 1, 0, 0, 1, 0, 0, 0, 1, C, 0, iio6, 2, diminished, 1, D5
300, 0, 0, 1, 0, 0, 1, 0, 1, 0, 0, 0, 1, 1, C, 0, V7, 5, major, 0, G4
301, 0, 0, 1, 0, 0, 1, 0, 1, 0, 0, 0, 1, 1, C, 0, V7, 5, major, 0, G4
302, 0, 0, 1, 0, 0, 1, 0, 1, 0, 0, 0, 1, 1, C, 0, V7, 5, major, 0, G4
303, 0, 0, 1, 0, 0, 1, 0, 1, 0, 0, 0, 1, 1, C, 0, V7, 5, major, 0, G4
304, 0, 0, 1, 0, 0, 1, 0, 1, 0, 0, 0, 1, 1, C, 0, V7, 5, major, 0, G4
305, 1, 0, 0, 1, 0, 0, 0, 1, 0, 0, 0, 0, 1, C, 0, i, 1, minor, 0, C4
305, 1, 0, 0, 1, 0, 0, 0, 1, 0, 0, 1, 0, 1, C, 0, i42, 1, minor, 3, C5
306, 1, 0, 0, 1, 0, 0, 0, 0, 1, 0, 0, 0, 1, C, 0, VI, 6, major, 0, Ab4
306, 1, 0, 0, 1, 0, 0, 0, 1, 0, 0, 0, 0, 1, C, 0, i64, 1, minor, 2, C5
307, 1, 0, 0, 1, 0, 0, 1, 0, 0, 1, 0, 0, 2, G, 1, viio7/V, 7, diminished, 0, F#5, C, 0, V, 5, major, 0, G4
308, 1, 0, 0, 1, 0, 0, 1, 0, 0, 1, 0, 0, 2, G, 1, viio7/V, 7, diminished, 0, F#5, C, 0, V, 5, major, 0, G4
309, 1, 0, 0, 1, 0, 0, 0, 1, 0, 0, 0, 0, 1, C, 0, i64, 1, minor, 2, C5
310, 0, 0, 1, 0, 0, 1, 0, 1, 0, 0, 0, 1, 1, C, 0, V7, 5, major, 0, G4
311, 1, 0, 0, 1, 0, 0, 0, 1, 0, 0, 0, 0, 1, C, 0, i, 1, minor, 0, C4
