1, 0, 0, 1, 0, 0, 1, 0, 0, 0, 0, 1, 0, 1, Bb, 1, I, 1, major, 0, Bb4
1, 0, 0, 1, 0, 0, 1, 0, 0, 0, 0, 1, 0, 1, Bb, 1, I, 1, major, 0, Bb4
2, 0, 0, 1, 0, 0, 1, 0, 0, 0, 0, 1, 0, 1, Bb, 1, I, 1, major, 0, Bb4
3, 0, 0, 1, 0, 0, 1, 0, 0, 0, 0, 1, 0, 1, Bb, 1, I, 1, major, 0, Bb4
4, 0, 0, 1, 0, 0, 1, 0, 0, 0, 0, 1, 0, 1, Bb, 1, I, 1, major, 0, Bb4
5, 0, 0, 0, 1, 0, 0, 0, 1, 0, 0, 1, 0, 1, Bb, 1, IV, 4, major, 0, Eb5
5, 1, 0, 0, 1, 0, 1, 0, 0, 0, 1, 0, 0, 1, Bb, 1, V42, 5, major, 3, F5
6, 0, 0, 1, 0, 0, 1, 0, 0, 0, 0, 1, 0, 1, Bb, 1, I, 1, major, 0, Bb4
6, 0, 0, 1, 0, 0, 1, 0, 0, 1, 0, 1, 0, 2, Eb, 1, V7/IV, 5, major, 0, Bb4, Bb, 1, IV, 4, major, 0, Eb5
7, 0, 0, 0, 1, 0, 0, 0, 1, 0, 0, 1, 0, 1, Bb, 1, IV, 4, major, 0, Eb5
7, 1, 0, 0, 1, 0, 1, 0, 0, 0, 1, 0, 0, 1, Bb, 1, V43, 5, major, 2, F5
8, 0, 0, 1, 0, 0, 1, 0, 0, 0, 0, 1, 0, 1, Bb, 1, I, 1, major, 0, Bb4
8, 1, 0, 0, 1, 0, 1, 0, 0, 0, 1, 0, 0, 1, Bb, 1, V7, 5, major, 0, F5
9, 0, 0, 1, 0, 0, 1, 0, 0, 0, 0, 1, 0, 1, Bb, 1, I, 1, major, 0, Bb4
9, 1, 0, 0, 1, 0, 1, 0, 0, 0, 1, 0, 0, 1, Bb, 1, V7, 5, major, 0, F5
10, 0, 0, 1, 0, 0, 1, 0, 0, 0, 0, 1, 0, 1, Bb, 1, I, 1, major, 0, Bb4
11, 1, 0, 0, 0, 0, 1, 0, 0, 0, 1, 0, 0, 1, Bb, 1, V, 5, major, 0, F5
12, 0, 0, 1, 0, 0, 1, 0, 0, 0, 0, 1, 0, 1, Bb, 1, I, 1, major, 0, Bb4
13, 0, 0, 1, 0, 0, 1, 0, 0, 1, 0, 0, 0, 1, C, 0, iio6, 2, diminished, 1, D5
14, 0, 0, 1, 0, 0, 1, 0, 1, 0, 0, 0, 1, 1, C, 0, V7, 5, major, 0, G4
14, 1, 0, 0, 1, 0, 0, 0, 0, 1, 0, 0, 0, 1, C, 0, VI, 6, major, 0, Ab4
15, 0, 0, 1, 0, 0, 0, 1, 0, 0, 1, 0, 0, 1, G, 0, V6, 5, major, 1, D6
15, 0, 0, 1, 0, 0, 0, 0, 1, 0, 0, 1, 0, 1, G, 0, i, 1, minor, 0, G4
15, 1, 0, 0, 0, 1, 0, 0, 1, 0, 0, 0, 0, 1, F, 1, V6, 5, major, 1, C6
15, 1, 0, 0, 0, 0, 1, 0, 0, 0, 1, 0, 0, 1, F, 1, I, 1, major, 0, F4
16, 0, 0, 1, 0, 0, 1, 0, 1, 0, 0, 0, 1, 1, C, 1, V42, 5, major, 3, G4
16, 1, 0, 0, 0, 1, 0, 0, 1, 0, 0, 0, 0, 1, C, 1, I, 1, major, 0, C4
16, 1, 0, 0, 0, 1, 0, 0, 1, 0, 0, 1, 0, 2, F, 1, V7/IV, 5, major, 0, C5, C, 1, IV, 4, major, 0, F4
17, 1, 0, 0, 0, 0, 1, 0, 0, 0, 1, 0, 0, 1, C, 1, IV, 4, major, 0, F4
17, 0, 0, 1, 0, 0, 1, 0, 1, 0, 0, 0, 1, 1, C, 1, V42, 5, major, 3, G4
18, 1, 0, 0, 0, 1, 0, 0, 1, 0, 0, 0, 0, 1, C, 1, I, 1, major, 0, C4
18, 1, 0, 0, 0, 1, 0, 0, 1, 0, 0, 1, 0, 2, F, 1, V7/IV, 5, major, 0, C5, C, 1, IV, 4, major, 0, F4
19, 1, 0, 0, 0, 0, 1, 0, 0, 0, 1, 0, 0, 1, C, 1, IV, 4, major, 0, F4
19, 0, 0, 1, 0, 0, 1, 0, 1, 0, 0, 0, 1, 1, C, 1, V42, 5, major, 3, G4
20, 1, 0, 0, 0, 1, 0, 0, 1, 0, 0, 0, 0, 1, C, 1, I, 1, major, 0, C4
20, 0, 0, 1, 0, 0, 1, 0, 1, 0, 0, 0, 1, 1, C, 1, V42, 5, major, 3, G4
20, 1, 0, 0, 0, 1, 0, 0, 1, 0, 0, 0, 0, 1, C, 1, I, 1, major, 0, C4
21, 0, 0, 1, 0, 0, 1, 0, 1, 0, 0, 0, 1, 1, C, 1, V42, 5, major, 3, G4
21, 1, 0, 0, 0, 1, 0, 0, 1, 0, 0, 0, 0, 1, C, 1, I, 1, major, 0, C4
22, 1, 0, 0, 0, 0, 1, 0, 0, 0, 1, 0, 0, 1, F, 1, I, 1, major, 0, F4
23, 1, 0, 0, 0, 0, 1, 0, 0, 0, 1, 0, 0, 1, F, 1, I, 1, major, 0, F4
24, 1, 0, 0, 0, 0, 1, 0, 0, 0, 1, 0, 0, 1, F, 1, I, 1, major, 0, F4
25, 1, 0, 0, 0, 0, 1, 0, 0, 0, 1, 0, 0, 1, F, 1, I, 1, major, 0, F4
26, 1, 0, 0, 1, 0, 1, 0, 0, 0, 1, 0, 0, 2, Bb, 1, V42/IV, 5, major, 3, F5, F, 1, IV, 4, major, 0, Bb4
26, 1, 0, 1, 0, 0, 0, 1, 0, 0, 1, 0, 0, 2, G, 0, V43/ii, 5, major, 2, D5, F, 1, ii, 2, minor, 0, G4
27, 1, 0, 1, 0, 0, 0, 1, 0, 0, 1, 0, 0, 2, G, 0, V43/ii, 5, major, 2, D5, F, 1, ii, 2, minor, 0, G4
28, 1, 0, 1, 0, 0, 0, 1, 0, 0, 1, 0, 0, 2, G, 0, V43/ii, 5, major, 2, D5, F, 1, ii, 2, minor, 0, G4
28, 0, 0, 0, 1, 0, 0, 0, 1, 0, 0, 1, 0, 1, F, 1, bVII, 7, major, 0, Eb5
29, 0, 1, 0, 0, 1, 0, 0, 1, 0, 0, 1, 0, 1, F, 1, viio7, 7, diminished, 0, E5
29, 1, 0, 0, 0, 0, 1, 0, 0, 0, 1, 0, 0, 1, F, 1, I, 1, major, 0, F4
29, 0, 0, 1, 0, 0, 0, 0, 1, 0, 0, 1, 0, 1, F, 1, ii6, 2, minor, 1, G5
30, 1, 0, 0, 0, 1, 0, 0, 1, 0, 0, 1, 0, 1, F, 1, V7, 5, major, 0, C5
30, 1, 0, 0, 0, 0, 1, 0, 0, 0, 1, 0, 0, 1, F, 1, I, 1, major, 0, F4
31, 0, 0, 1, 0, 0, 1, 0, 0, 0, 0, 1, 0, 1, F, 1, IV, 4, major, 0, Bb4
31, 0, 0, 1, 0, 0, 0, 0, 1, 0, 0, 1, 0, 1, F, 1, ii, 2, minor, 0, G4
32, 1, 0, 0, 0, 1, 0, 0, 1, 0, 0, 0, 0, 1, F, 1, V, 5, major, 0, C5
32, 1, 0, 0, 0, 0, 1, 0, 0, 0, 1, 0, 0, 1, F, 1, I6, 1, major, 1, F5
33, 0, 0, 1, 0, 0, 1, 0, 0, 0, 1, 0, 0, 1, F, 1, vi, 6, minor, 0, D5
33, 0, 0, 1, 0, 0, 1, 0, 0, 0, 0, 1, 0, 1, F, 1, IV, 4, major, 0, Bb4
34, 0, 0, 0, 0, 1, 0, 0, 1, 0, 0, 1, 0, 1, F, 1, viio, 7, diminished, 0, E5
35, 0, 0, 0, 0, 1, 0, 0, 1, 0, 0, 1, 0, 1, F, 1, viio, 7, diminished, 0, E5
35, 1, 0, 0, 0, 1, 0, 0, 1, 0, 0, 0, 0, 1, F, 1, V6, 5, major, 1, C6
36, 0, 0, 1, 0, 0, 1, 0, 0, 0, 0, 1, 0, 1, F, 1, IV6, 4, major, 1, Bb5
36, 0, 1, 0, 0, 1, 0, 0, 1, 0, 1, 0, 0, 2, D, 0, V7/vi, 5, major, 0, A4, F, 1, vi, 6, minor, 0, D5
36, 0, 0, 1, 0, 0, 1, 0, 0, 0, 0, 1, 0, 1, F, 1, IV, 4, major, 0, Bb4
37, 0, 0, 1, 0, 0, 1, 0, 1, 0, 0, 0, 1, 2, C, 1, V65/V, 5, major, 1, G5, F, 1, V, 5, major, 0, C5
37, 1, 0, 0, 0, 0, 1, 0, 0, 0, 1, 0, 0, 1, F, 1, I64, 1, major, 2, F5
37, 1, 0, 0, 0, 1, 0, 0, 1, 0, 0, 0, 0, 1, F, 1, V, 5, major, 0, C5
38, 1, 0, 0, 0, 1, 0, 0, 1, 0, 0, 0, 0, 1, F, 1, V, 5, major, 0, C5
39, 1, 0, 0, 0, 1, 0, 0, 1, 0, 0, 0, 0, 1, F, 1, V, 5, major, 0, C5
40, 1, 0, 0, 0, 1, 0, 0, 1, 0, 0, 0, 0, 1, F, 1, V, 5, major, 0, C5
41, 1, 0, 0, 0, 1, 0, 0, 1, 0, 0, 0, 0, 1, F, 1, V, 5, major, 0, C5
42, 1, 0, 0, 0, 1, 0, 0, 1, 0, 0, 0, 0, 1, F, 1, V, 5, major, 0, C5
43, 1, 0, 0, 0, 1, 0, 0, 1, 0, 0, 0, 0, 1, F, 1, V, 5, major, 0, C5
44, 0, 1, 0, 0, 1, 0, 0, 1, 0, 1, 0, 0, 2, D, 0, V65/vi, 5, major, 1, A5, F, 1, vi, 6, minor, 0, D5
45, 0, 0, 1, 0, 0, 1, 0, 0, 0, 1, 0, 0, 1, F, 1, vi, 6, minor, 0, D5
46, 0, 0, 1, 0, 0, 1, 0, 0, 1, 0, 0, 1, 2, C, 1, viio7/V, 7, diminished, 0, B4, F, 1, V, 5, major, 0, C5
47, 0, 1, 0, 0, 1, 0, 0, 1, 0, 0, 1, 0, 1, F, 1, viio43, 7, diminished, 2, E5
47, 1, 0, 0, 0, 1, 0, 0, 1, 0, 0, 1, 0, 1, F, 1, V42, 5, major, 3, C5
48, 1, 0, 0, 0, 0, 1, 0, 0, 0, 1, 0, 0, 1, F, 1, I6, 1, major, 1, F5
48, 1, 0, 0, 0, 1, 0, 0, 1, 0, 0, 1, 0, 1, F, 1, V65, 5, major, 1, C6
48, 1, 0, 0, 0, 0, 1, 0, 0, 0, 1, 0, 0, 1, F, 1, I, 1, major, 0, F4
48, 1, 0, 0, 0, 1, 0, 0, 1, 0, 0, 1, 0, 1, F, 1, V42, 5, major, 3, C5
49, 1, 0, 0, 0, 0, 1, 0, 0, 0, 1, 0, 0, 1, F, 1, I6, 1, major, 1, F5
49, 1, 0, 0, 0, 1, 0, 0, 1, 0, 0, 1, 0, 1, F, 1, V65, 5, major, 1, C6
49, 1, 0, 0, 0, 0, 1, 0, 0, 0, 1, 0, 0, 1, F, 1, I, 1, major, 0, F4
49, 1, 0, 0, 0, 1, 0, 0, 1, 0, 0, 1, 0, 1, F, 1, V42, 5, major, 3, C5
49, 1, 0, 0, 0, 0, 1, 0, 0, 0, 1, 0, 0, 1, F, 1, I6, 1, major, 1, F5
49, 1, 0, 0, 0, 1, 0, 0, 1, 0, 0, 1, 0, 1, F, 1, V65, 5, major, 1, C6
49, 1, 0, 0, 0, 0, 1, 0, 0, 0, 1, 0, 0, 1, F, 1, I, 1, major, 0, F4
49, 1, 0, 0, 0, 1, 0, 0, 1, 0, 0, 1, 0, 1, F, 1, V42, 5, major, 3, C5
50, 1, 0, 0, 0, 0, 1, 0, 0, 0, 1, 0, 0, 1, F, 1, I6, 1, major, 1, F5
50, 1, 0, 0, 0, 1, 0, 0, 1, 0, 0, 1, 0, 1, F, 1, V65, 5, major, 1, C6
50, 1, 0, 0, 0, 0, 1, 0, 0, 0, 1, 0, 0, 1, F, 1, I, 1, major, 0, F4
50, 0, 0, 1, 0, 0, 1, 0, 0, 0, 0, 1, 0, 1, F, 1, IV6, 4, major, 1, Bb5
51, 0, 0, 1, 0, 0, 0, 0, 1, 0, 0, 1, 0, 1, F, 1, ii6, 2, minor, 1, G5
51, 1, 0, 0, 0, 1, 0, 0, 1, 0, 0, 1, 0, 1, F, 1, V7, 5, major, 0, C5
52, 1, 0, 0, 0, 0, 1, 0, 0, 0, 1, 0, 0, 1, F, 1, I, 1, major, 0, F4
52, 1, 0, 0, 0, 1, 0, 0, 1, 0, 0, 1, 0, 1, F, 1, V42, 5, major, 3, C5
52, 1, 0, 0, 0, 0, 1, 0, 0, 0, 1, 0, 0, 1, F, 1, I6, 1, major, 1, F5
52, 1, 0, 0, 0, 1, 0, 0, 1, 0, 0, 1, 0, 1, F, 1, V65, 5, major, 1, C6
52, 1, 0, 0, 0, 0, 1, 0, 0, 0, 1, 0, 0, 1, F, 1, I, 1, major, 0, F4
52, 1, 0, 0, 0, 1, 0, 0, 1, 0, 0, 1, 0, 1, F, 1, V42, 5, major, 3, C5
53, 1, 0, 0, 0, 0, 1, 0, 0, 0, 1, 0, 0, 1, F, 1, I6, 1, major, 1, F5
53, 1, 0, 0, 0, 1, 0, 0, 1, 0, 0, 1, 0, 1, F, 1, V65, 5, major, 1, C6
53, 1, 0, 0, 0, 0, 1, 0, 0, 0, 1, 0, 0, 1, F, 1, I, 1, major, 0, F4
53, 1, 0, 0, 0, 1, 0, 0, 1, 0, 0, 1, 0, 1, F, 1, V42, 5, major, 3, C5
53, 1, 0, 0, 0, 0, 1, 0, 0, 0, 1, 0, 0, 1, F, 1, I6, 1, major, 1, F5
53, 1, 0, 0, 0, 1, 0, 0, 1, 0, 0, 1, 0, 1, F, 1, V65, 5, major, 1, C6
53, 1, 0, 0, 0, 0, 1, 0, 0, 0, 1, 0, 0, 1, F, 1, I, 1, major, 0, F4
54, 0, 0, 1, 0, 0, 1, 0, 0, 0, 1, 0, 0, 1, F, 1, vi6, 6, minor, 1, D5
54, 1, 0, 1, 0, 0, 0, 1, 0, 0, 1, 0, 0, 2, G, 0, V7/ii, 5, major, 0, D5, F, 1, ii, 2, minor, 0, G4
54, 0, 0, 1, 0, 0, 0, 0, 1, 0, 0, 1, 0, 1, F, 1, ii, 2, minor, 0, G4
55, 0, 0, 1, 0, 0, 0, 0, 1, 0, 0, 1, 0, 1, F, 1, ii, 2, minor, 0, G4
55, 1, 0, 0, 0, 1, 0, 0, 1, 0, 0, 0, 0, 1, F, 1, V, 5, major, 0, C5
56, 1, 0, 0, 0, 0, 1, 0, 0, 0, 1, 0, 0, 1, F, 1, I, 1, major, 0, F4
57, 0, 1, 0, 0, 0, 0, 0, 1, 0, 0, 1, 0, 1, F, 1, iio6, 2, diminished, 1, G5
57, 1, 0, 0, 0, 1, 0, 0, 1, 0, 0, 1, 0, 1, F, 1, V43, 5, major, 2, C5
58, 1, 0, 0, 0, 0, 1, 0, 0, 0, 1, 0, 0, 1, F, 1, I, 1, major, 0, F4
59, 0, 1, 0, 0, 0, 0, 0, 1, 0, 0, 1, 0, 1, F, 1, iio6, 2, diminished, 1, G5
59, 0, 1, 0, 0, 0, 0, 1, 0, 0, 0, 1, 0, 1, F, 1, N6, 2, major, 1, Gb5
60, 1, 0, 0, 0, 0, 1, 0, 0, 0, 1, 0, 0, 1, F, 1, I, 1, major, 0, F4
60, 0, 1, 0, 0, 1, 0, 0, 1, 0, 0, 1, 0, 1, F, 1, viio43, 7, diminished, 2, E5
61, 1, 0, 0, 0, 0, 1, 0, 0, 0, 1, 0, 0, 1, F, 1, I, 1, major, 0, F4
61, 0, 1, 0, 0, 0, 0, 1, 0, 0, 0, 1, 0, 1, F, 1, N6, 2, major, 1, Gb5
62, 1, 0, 0, 0, 0, 1, 0, 0, 0, 1, 0, 0, 1, F, 1, I, 1, major, 0, F4
63, 1, 0, 0, 0, 0, 1, 0, 0, 0, 1, 0, 0, 1, F, 1, I, 1, major, 0, F4
64, 1, 0, 0, 0, 1, 0, 0, 1, 0, 0, 1, 0, 1, F, 1, V42, 5, major, 3, C5
65, 1, 0, 0, 0, 1, 0, 0, 1, 0, 0, 1, 0, 1, F, 1, V42, 5, major, 3, C5
66, 1, 0, 0, 0, 0, 1, 0, 0, 0, 1, 0, 0, 1, F, 1, I, 1, major, 0, F4
66, 1, 0, 0, 0, 1, 0, 0, 1, 0, 0, 1, 0, 1, F, 1, V7, 5, major, 0, C5
66, 1, 0, 0, 0, 0, 1, 0, 0, 0, 1, 0, 0, 1, F, 1, I, 1, major, 0, F4
67, 1, 0, 0, 0, 1, 0, 0, 1, 0, 0, 1, 0, 1, F, 1, V7, 5, major, 0, C5
67, 1, 0, 0, 0, 0, 1, 0, 0, 0, 1, 0, 0, 1, F, 1, I, 1, major, 0, F4
67, 1, 0, 0, 0, 1, 0, 0, 1, 0, 0, 1, 0, 1, F, 1, V7, 5, major, 0, C5
68, 1, 0, 0, 0, 0, 1, 0, 0, 0, 1, 0, 0, 1, F, 1, I, 1, major, 0, F4
69, 1, 0, 0, 0, 0, 1, 0, 0, 0, 1, 0, 0, 1, F, 1, I, 1, major, 0, F4
70, 1, 0, 0, 0, 0, 1, 0, 0, 0, 1, 0, 0, 1, F, 1, I, 1, major, 0, F4
70, 1, 0, 0, 0, 0, 1, 0, 0, 0, 1, 0, 0, 1, F, 1, I, 1, major, 0, F4
71, 1, 0, 0, 0, 0, 1, 0, 0, 0, 1, 0, 0, 1, F, 1, I, 1, major, 0, F4
72, 1, 0, 0, 0, 0, 1, 0, 0, 0, 1, 0, 0, 1, F, 1, I, 1, major, 0, F4
73, 1, 0, 0, 0, 0, 1, 0, 0, 0, 1, 0, 0, 1, F, 1, I, 1, major, 0, F4
73, 1, 0, 0, 1, 0, 0, 0, 1, 0, 0, 0, 0, 1, G, 0, iv, 4, minor, 0, C5
74, 1, 0, 0, 1, 0, 0, 0, 1, 0, 0, 0, 0, 1, G, 0, iv, 4, minor, 0, C5
74, 1, 0, 0, 1, 0, 0, 0, 0, 0, 1, 0, 0, 1, G, 0, iio, 2, diminished, 0, A4
75, 1, 0, 0, 1, 0, 0, 0, 0, 0, 1, 0, 0, 1, G, 0, iio, 2, diminished, 0, A4
75, 0, 0, 1, 0, 0, 0, 1, 0, 0, 1, 0, 0, 1, G, 0, V, 5, major, 0, D5
76, 0, 0, 1, 0, 0, 0, 1, 0, 0, 1, 0, 0, 1, G, 0, V, 5, major, 0, D5
76, 1, 0, 1, 0, 0, 0, 1, 0, 0, 1, 0, 0, 1, G, 0, V7, 5, major, 0, D5
77, 0, 0, 1, 0, 0, 0, 0, 1, 0, 0, 1, 0, 1, G, 0, i64, 1, minor, 2, G5
77, 0, 0, 0, 1, 0, 0, 0, 1, 0, 0, 1, 0, 1, G, 0, VI6, 6, major, 1, Eb5
78, 0, 0, 1, 0, 0, 0, 1, 0, 0, 1, 0, 0, 1, G, 0, V, 5, major, 0, D5
78, 1, 0, 1, 0, 0, 0, 1, 0, 0, 1, 0, 0, 1, G, 0, V7, 5, major, 0, D5
79, 0, 0, 1, 0, 0, 0, 0, 1, 0, 0, 1, 0, 1, G, 0, i64, 1, minor, 2, G5
79, 0, 0, 0, 1, 0, 0, 0, 1, 0, 0, 1, 0, 1, G, 0, VI6, 6, major, 1, Eb5
80, 0, 0, 1, 0, 0, 0, 1, 0, 0, 1, 0, 0, 1, G, 0, V, 5, major, 0, D5
80, 0, 1, 0, 0, 1, 0, 0, 1, 0, 0, 1, 0, 2, D, 1, viio43/V, 7, diminished, 2, C#5, G, 0, V, 5, major, 0, D5
81, 0, 0, 1, 0, 0, 0, 1, 0, 0, 1, 0, 0, 1, G, 0, V, 5, major, 0, D5
81, 0, 0, 0, 1, 0, 0, 0, 1, 0, 0, 1, 0, 1, G, 0, VI6, 6, major, 1, Eb5
82, 0, 0, 1, 0, 0, 0, 1, 0, 0, 1, 0, 0, 1, G, 0, V, 5, major, 0, D5
83, 0, 0, 1, 0, 0, 0, 1, 0, 0, 1, 0, 0, 1, G, 0, V, 5, major, 0, D5
83, 0, 0, 1, 0, 0, 0, 0, 1, 0, 0, 1, 0, 1, G, 0, i, 1, minor, 0, G4
84, 1, 0, 0, 1, 0, 0, 1, 0, 0, 1, 0, 0, 1, G, 0, viio43, 7, diminished, 2, F#5
85, 1, 0, 0, 1, 0, 0, 1, 0, 0, 1, 0, 0, 1, G, 0, viio43, 7, diminished, 2, F#5
86, 0, 0, 1, 0, 0, 0, 0, 1, 0, 0, 0, 1, 1, C, 0, V, 5, major, 0, G4
87, 0, 0, 1, 0, 0, 0, 0, 1, 0, 0, 0, 1, 1, C, 0, V, 5, major, 0, G4
87, 1, 0, 0, 1, 0, 0, 0, 1, 0, 0, 0, 0, 1, C, 0, i, 1, minor, 0, C4
88, 0, 0, 1, 0, 0, 1, 0, 0, 1, 0, 0, 1, 1, C, 0, viio43, 7, diminished, 2, B4
89, 0, 0, 1, 0, 0, 1, 0, 0, 1, 0, 0, 1, 1, C, 0, viio43, 7, diminished, 2, B4
90, 1, 0, 0, 0, 1, 0, 0, 1, 0, 0, 0, 0, 1, F, 0, V, 5, major, 0, C5
91, 1, 0, 0, 0, 1, 0, 0, 1, 0, 0, 0, 0, 1, F, 0, V, 5, major, 0, C5
91, 1, 0, 0, 0, 0, 1, 0, 0, 1, 0, 0, 0, 1, F, 0, i, 1, minor, 0, F4
92, 0, 1, 0, 0, 1, 0, 0, 1, 0, 0, 1, 0, 1, F, 0, viio43, 7, diminished, 2, E5
93, 0, 1, 0, 0, 1, 0, 0, 1, 0, 0, 1, 0, 1, F, 0, viio43, 7, diminished, 2, E5
94, 1, 0, 0, 0, 0, 1, 0, 0, 1, 0, 0, 0, 1, F, 0, i6, 1, minor, 1, F5
95, 1, 0, 0, 0, 0, 1, 0, 0, 1, 0, 0, 0, 1, F, 0, i6, 1, minor, 1, F5
96, 0, 0, 1, 0, 0, 1, 0, 1, 0, 0, 0, 1, 1, C, 0, V7, 5, major, 0, G4
97, 0, 0, 1, 0, 0, 1, 0, 1, 0, 0, 0, 1, 1, C, 0, V7, 5, major, 0, G4
98, 1, 0, 0, 1, 0, 0, 0, 1, 0, 0, 0, 0, 1, C, 0, i, 1, minor, 0, C4
99, 1, 0, 0, 1, 0, 0, 1, 0, 0, 1, 0, 0, 1, Bb, 0, viio42, 7, diminished, 3, A5
100, 1, 0, 0, 1, 0, 1, 0, 0, 0, 1, 0, 0, 1, Bb, 0, V7, 5, major, 0, F5
101, 1, 0, 0, 1, 0, 1, 0, 0, 0, 1, 0, 0, 1, Bb, 0, V7, 5, major, 0, F5
102, 0, 1, 0, 0, 0, 1, 0, 0, 0, 0, 1, 0, 1, Bb, 0, i, 1, minor, 0, Bb4
103, 0, 1, 0, 0, 1, 0, 0, 1, 0, 0, 1, 0, 1, Ab, 1, viio42, 7, diminished, 3, G5
104, 0, 1, 0, 1, 0, 0, 0, 1, 0, 0, 1, 0, 1, Ab, 1, V7, 5, major, 0, Eb5
105, 0, 1, 0, 1, 0, 0, 0, 1, 0, 0, 1, 0, 1, Ab, 1, V7, 5, major, 0, Eb5
106, 0, 1, 0, 1, 0, 0, 0, 1, 0, 0, 1, 0, 1, Ab, 1, V7, 5, major, 0, Eb5
107, 0, 1, 0, 1, 0, 0, 0, 1, 0, 0, 1, 0, 1, Ab, 1, V7, 5, major, 0, Eb5
108, 0, 1, 0, 1, 0, 0, 0, 1, 0, 0, 1, 0, 1, Ab, 1, V7, 5, major, 0, Eb5
109, 0, 1, 0, 1, 0, 0, 0, 1, 0, 0, 1, 0, 1, Ab, 1, V7, 5, major, 0, Eb5
110, 1, 0, 0, 0, 1, 0, 0, 1, 0, 0, 1, 0, 1, F, 0, V7, 5, major, 0, C5
111, 1, 0, 0, 0, 1, 0, 0, 1, 0, 0, 1, 0, 1, F, 0, V7, 5, major, 0, C5
112, 1, 0, 0, 0, 1, 0, 0, 1, 0, 0, 1, 0, 1, F, 0, V7, 5, major, 0, C5
113, 1, 0, 0, 0, 1, 0, 0, 1, 0, 0, 1, 0, 1, F, 0, V7, 5, major, 0, C5
114, 1, 0, 0, 1, 0, 1, 0, 0, 0, 1, 0, 0, 1, Bb, 1, V7, 5, major, 0, F5
115, 1, 0, 0, 1, 0, 1, 0, 0, 0, 1, 0, 0, 1, Bb, 1, V7, 5, major, 0, F5
116, 1, 0, 0, 1, 0, 1, 0, 0, 0, 1, 0, 0, 1, Bb, 1, V7, 5, major, 0, F5
117, 1, 0, 0, 1, 0, 1, 0, 0, 0, 1, 0, 0, 1, Bb, 1, V7, 5, major, 0, F5
118, 1, 0, 0, 1, 0, 1, 0, 0, 0, 1, 0, 0, 1, Bb, 1, V7, 5, major, 0, F5
119, 1, 0, 0, 1, 0, 1, 0, 0, 0, 1, 0, 0, 1, Bb, 1, V7, 5, major, 0, F5
120, 1, 0, 0, 1, 0, 1, 0, 0, 0, 1, 0, 0, 1, Bb, 1, V7, 5, major, 0, F5
121, 1, 0, 0, 1, 0, 1, 0, 0, 0, 1, 0, 0, 1, Bb, 1, V7, 5, major, 0, F5
122, 1, 0, 0, 1, 0, 1, 0, 0, 0, 1, 0, 0, 1, Bb, 1, V7, 5, major, 0, F5
123, 1, 0, 0, 1, 0, 1, 0, 0, 0, 1, 0, 0, 1, Bb, 1, V7, 5, major, 0, F5
124, 1, 0, 0, 1, 0, 1, 0, 0, 0, 1, 0, 0, 1, Bb, 1, V7, 5, major, 0, F5
125, 1, 0, 0, 1, 0, 1, 0, 0, 0, 1, 0, 0, 1, Bb, 1, V7, 5, major, 0, F5
126, 1, 0, 0, 1, 0, 1, 0, 0, 0, 1, 0, 0, 1, Bb, 1, V7, 5, major, 0, F5
127, 1, 0, 0, 1, 0, 1, 0, 0, 0, 1, 0, 0, 1, Bb, 1, V7, 5, major, 0, F5
128, 1, 0, 0, 1, 0, 1, 0, 0, 0, 1, 0, 0, 1, Bb, 1, V7, 5, major, 0, F5
129, 0, 0, 1, 0, 0, 1, 0, 0, 0, 0, 1, 0, 1, Bb, 1, I, 1, major, 0, Bb4
129, 0, 0, 1, 0, 0, 1, 0, 0, 0, 0, 1, 0, 1, Bb, 1, I, 1, major, 0, Bb4
130, 0, 0, 1, 0, 0, 1, 0, 0, 0, 0, 1, 0, 1, Bb, 1, I, 1, major, 0, Bb4
131, 0, 0, 1, 0, 0, 1, 0, 0, 0, 0, 1, 0, 1, Bb, 1, I, 1, major, 0, Bb4
132, 0, 0, 1, 0, 0, 1, 0, 0, 0, 0, 1, 0, 1, Bb, 1, I, 1, major, 0, Bb4
133, 0, 0, 1, 0, 0, 1, 0, 0, 0, 0, 1, 0, 1, Bb, 1, I, 1, major, 0, Bb4
134, 0, 0, 1, 0, 0, 1, 0, 0, 0, 0, 1, 0, 1, Bb, 1, I, 1, major, 0, Bb4
135, 0, 0, 1, 0, 0, 1, 0, 0, 0, 0, 1, 0, 1, Bb, 1, I, 1, major, 0, Bb4
136, 0, 0, 1, 0, 0, 1, 0, 0, 0, 0, 1, 0, 1, Bb, 1, I, 1, major, 0, Bb4
137, 0, 0, 1, 0, 0, 1, 0, 0, 0, 0, 1, 0, 1, Bb, 1, I, 1, major, 0, Bb4
138, 0, 0, 1, 0, 0, 1, 0, 0, 0, 0, 1, 0, 1, Bb, 1, I, 1, major, 0, Bb4
139, 0, 0, 1, 0, 0, 1, 0, 0, 0, 0, 1, 0, 1, Bb, 1, I, 1, major, 0, Bb4
140, 0, 0, 1, 0, 0, 1, 0, 0, 0, 0, 1, 0, 1, Bb, 1, I, 1, major, 0, Bb4
141, 0, 0, 1, 0, 0, 1, 0, 0, 0, 0, 1, 0, 1, Bb, 1, I, 1, major, 0, Bb4
142, 0, 0, 1, 0, 0, 1, 0, 0, 0, 0, 1, 0, 1, Bb, 1, I, 1, major, 0, Bb4
143, 0, 0, 1, 0, 0, 1, 0, 0, 1, 0, 0, 1, 2, C, 0, viio42/ii, 7, diminished, 3, B4, Bb, 1, ii, 2, minor, 0, C5
144, 0, 0, 1, 0, 0, 1, 0, 0, 1, 0, 0, 1, 2, C, 0, viio42/ii, 7, diminished, 3, B4, Bb, 1, ii, 2, minor, 0, C5
144, 1, 0, 0, 1, 0, 0, 0, 1, 0, 0, 0, 0, 1, Bb, 1, ii, 2, minor, 0, C5
145, 1, 0, 0, 0, 0, 1, 0, 0, 0, 1, 0, 0, 1, Bb, 1, V6, 5, major, 1, F6
145, 0, 0, 1, 0, 0, 1, 0, 0, 0, 0, 1, 0, 1, Bb, 1, I, 1, major, 0, Bb4
145, 0, 0, 0, 1, 0, 0, 0, 1, 0, 0, 0, 1, 1, Ab, 1, V+6, 5, augmented, 1, Eb6
145, 1, 0, 0, 1, 0, 0, 0, 0, 1, 0, 0, 0, 1, Ab, 1, I, 1, major, 0, Ab4
146, 0, 0, 1, 0, 0, 0, 1, 0, 0, 1, 0, 0, 1, G, 0, V6, 5, major, 1, D6
146, 0, 0, 1, 0, 0, 0, 0, 1, 0, 0, 1, 0, 1, G, 0, i, 1, minor, 0, G4
146, 1, 0, 0, 0, 1, 0, 0, 1, 0, 0, 0, 0, 1, F, 0, V6, 5, major, 1, C6
146, 1, 0, 0, 0, 0, 1, 0, 0, 1, 0, 0, 0, 1, F, 0, i, 1, minor, 0, F4
147, 0, 0, 1, 0, 0, 1, 0, 0, 0, 0, 1, 0, 1, Eb, 1, V6, 5, major, 1, Bb5
147, 0, 0, 0, 1, 0, 0, 0, 1, 0, 0, 1, 0, 1, Eb, 1, I, 1, major, 0, Eb4
147, 1, 0, 0, 1, 0, 0, 0, 0, 0, 1, 0, 0, 2, Bb, 1, viio6/IV, 7, diminished, 1, A5, F, 1, IV, 4, major, 0, Bb4
147, 0, 0, 1, 0, 0, 1, 0, 0, 0, 0, 1, 0, 1, F, 1, IV6, 4, major, 1, Bb5
148, 0, 0, 1, 0, 1, 0, 0, 1, 0, 0, 0, 1, 1, F, 1, viihalfdim7, 7, minor, 0, E5
148, 1, 0, 0, 0, 0, 1, 0, 0, 0, 1, 0, 0, 1, F, 1, I, 1, major, 0, F4
148, 1, 0, 0, 1, 0, 1, 0, 0, 0, 1, 0, 0, 2, Bb, 1, V7/IV, 5, major, 0, F5, F, 1, IV, 4, major, 0, Bb4
149, 0, 1, 0, 0, 0, 1, 0, 0, 0, 0, 1, 0, 1, F, 1, iv, 4, minor, 0, Bb4
149, 1, 0, 0, 0, 1, 0, 0, 1, 0, 0, 1, 0, 1, F, 1, V42, 5, major, 3, C5
150, 1, 0, 0, 0, 0, 1, 0, 0, 0, 1, 0, 0, 1, F, 1, I, 1, major, 0, F4
150, 1, 0, 0, 1, 0, 1, 0, 0, 0, 1, 0, 0, 2, Bb, 1, V7/IV, 5, major, 0, F5, F, 1, IV, 4, major, 0, Bb4
151, 0, 1, 0, 0, 0, 1, 0, 0, 0, 0, 1, 0, 1, F, 1, iv, 4, minor, 0, Bb4
151, 1, 0, 0, 0, 1, 0, 0, 1, 0, 0, 1, 0, 1, F, 1, V42, 5, major, 3, C5
152, 1, 0, 0, 0, 0, 1, 0, 0, 0, 1, 0, 0, 1, F, 1, I, 1, major, 0, F4
152, 1, 0, 0, 0, 1, 0, 0, 1, 0, 0, 1, 0, 1, F, 1, V42, 5, major, 3, C5
152, 1, 0, 0, 0, 0, 1, 0, 0, 0, 1, 0, 0, 1, F, 1, I, 1, major, 0, F4
153, 1, 0, 0, 0, 1, 0, 0, 1, 0, 0, 1, 0, 1, F, 1, V42, 5, major, 3, C5
153, 1, 0, 0, 0, 0, 1, 0, 0, 0, 1, 0, 0, 1, F, 1, I, 1, major, 0, F4
154, 0, 0, 1, 0, 0, 1, 0, 0, 0, 0, 1, 0, 1, Bb, 1, I, 1, major, 0, Bb4
155, 0, 0, 1, 0, 0, 1, 0, 0, 0, 0, 1, 0, 1, Bb, 1, I, 1, major, 0, Bb4
156, 0, 0, 1, 0, 0, 1, 0, 0, 0, 0, 1, 0, 1, Bb, 1, I, 1, major, 0, Bb4
157, 0, 0, 1, 0, 0, 1, 0, 0, 0, 0, 1, 0, 1, Bb, 1, I, 1, major, 0, Bb4
158, 0, 0, 1, 0, 0, 1, 0, 0, 1, 0, 1, 0, 2, Eb, 1, V42/IV, 5, major, 3, Bb4, Bb, 1, IV, 4, major, 0, Eb5
158, 0, 0, 1, 0, 0, 1, 0, 1, 0, 0, 0, 1, 2, C, 0, V43/ii, 5, major, 2, G4, Bb, 1, ii, 2, minor, 0, C5
159, 0, 0, 1, 0, 0, 1, 0, 1, 0, 0, 0, 1, 2, C, 0, V43/ii, 5, major, 2, G4, Bb, 1, ii, 2, minor, 0, C5
160, 0, 0, 1, 0, 0, 1, 0, 1, 0, 0, 0, 1, 2, C, 0, V43/ii, 5, major, 2, G4, Bb, 1, ii, 2, minor, 0, C5
160, 1, 0, 0, 1, 0, 0, 0, 0, 1, 0, 0, 0, 1, Bb, 1, bVII, 7, major, 0, Ab5
161, 1, 0, 0, 1, 0, 0, 1, 0, 0, 1, 0, 0, 1, Bb, 1, viio7, 7, diminished, 0, A5
161, 0, 0, 1, 0, 0, 1, 0, 0, 0, 0, 1, 0, 1, Bb, 1, I, 1, major, 0, Bb4
161, 1, 0, 0, 1, 0, 0, 0, 1, 0, 0, 0, 0, 1, Bb, 1, ii6, 2, minor, 1, C6
162, 1, 0, 0, 1, 0, 1, 0, 0, 0, 1, 0, 0, 1, Bb, 1, V7, 5, major, 0, F5
162, 0, 0, 1, 0, 0, 1, 0, 0, 0, 0, 1, 0, 1, Bb, 1, I, 1, major, 0, Bb4
163, 0, 0, 0, 1, 0, 0, 0, 1, 0, 0, 1, 0, 1, Bb, 1, IV, 4, major, 0, Eb5
163, 1, 0, 0, 1, 0, 0, 0, 1, 0, 0, 0, 0, 1, Bb, 1, ii, 2, minor, 0, C5
164, 1, 0, 0, 0, 0, 1, 0, 0, 0, 1, 0, 0, 1, Bb, 1, V, 5, major, 0, F5
164, 0, 0, 1, 0, 0, 1, 0, 0, 0, 0, 1, 0, 1, Bb, 1, I6, 1, major, 1, Bb5
165, 0, 0, 1, 0, 0, 0, 0, 1, 0, 0, 1, 0, 1, Bb, 1, vi, 6, minor, 0, G5
165, 0, 0, 0, 1, 0, 0, 0, 1, 0, 0, 1, 0, 1, Bb, 1, IV, 4, major, 0, Eb5
166, 1, 0, 0, 1, 0, 0, 0, 0, 0, 1, 0, 0, 1, Bb, 1, viio, 7, diminished, 0, A5
167, 1, 0, 0, 1, 0, 0, 0, 0, 0, 1, 0, 0, 1, Bb, 1, viio, 7, diminished, 0, A5
167, 1, 0, 0, 0, 0, 1, 0, 0, 0, 1, 0, 0, 1, Bb, 1, V6, 5, major, 1, F6
168, 0, 0, 0, 1, 0, 0, 0, 1, 0, 0, 1, 0, 1, Bb, 1, IV6, 4, major, 1, Eb6
168, 1, 0, 1, 0, 0, 0, 1, 0, 0, 1, 0, 0, 2, G, 0, V7/vi, 5, major, 0, D5, Bb, 1, vi, 6, minor, 0, G5
168, 0, 0, 0, 1, 0, 0, 0, 1, 0, 0, 1, 0, 1, Bb, 1, IV, 4, major, 0, Eb5
169, 1, 0, 0, 0, 1, 0, 0, 1, 0, 0, 1, 0, 2, F, 1, V65/V, 5, major, 1, C6, Bb, 1, V, 5, major, 0, F5
169, 0, 0, 1, 0, 0, 1, 0, 0, 0, 0, 1, 0, 1, Bb, 1, I64, 1, major, 2, Bb5
169, 1, 0, 0, 0, 0, 1, 0, 0, 0, 1, 0, 0, 1, Bb, 1, V, 5, major, 0, F5
170, 0, 0, 1, 0, 0, 1, 0, 0, 0, 0, 1, 0, 1, Bb, 1, I, 1, major, 0, Bb4
171, 0, 0, 0, 1, 0, 0, 0, 1, 0, 0, 1, 0, 1, Bb, 1, IV, 4, major, 0, Eb5
171, 1, 0, 0, 1, 0, 0, 0, 1, 0, 0, 0, 0, 1, Bb, 1, ii, 2, minor, 0, C5
172, 1, 0, 0, 0, 0, 1, 0, 0, 0, 1, 0, 0, 1, Bb, 1, V, 5, major, 0, F5
172, 0, 0, 1, 0, 0, 1, 0, 0, 0, 0, 1, 0, 1, Bb, 1, I6, 1, major, 1, Bb5
173, 0, 0, 1, 0, 0, 0, 0, 1, 0, 0, 1, 0, 1, Bb, 1, vi, 6, minor, 0, G5
173, 0, 0, 0, 1, 0, 0, 0, 1, 0, 0, 1, 0, 1, Bb, 1, IV, 4, major, 0, Eb5
174, 1, 0, 0, 1, 0, 0, 0, 0, 0, 1, 0, 0, 1, Bb, 1, viio, 7, diminished, 0, A5
175, 1, 0, 0, 1, 0, 0, 0, 0, 0, 1, 0, 0, 1, Bb, 1, viio, 7, diminished, 0, A5
175, 1, 0, 0, 0, 0, 1, 0, 0, 0, 1, 0, 0, 1, Bb, 1, V6, 5, major, 1, F6
176, 0, 0, 0, 1, 0, 0, 0, 1, 0, 0, 1, 0, 1, Bb, 1, IV6, 4, major, 1, Eb6
176, 1, 0, 1, 0, 0, 0, 1, 0, 0, 1, 0, 0, 2, G, 0, V65/vi, 5, major, 1, D6, Bb, 1, vi, 6, minor, 0, G5
177, 0, 0, 1, 0, 0, 0, 0, 1, 0, 0, 1, 0, 1, Bb, 1, vi, 6, minor, 0, G5
178, 0, 1, 0, 0, 1, 0, 0, 1, 0, 0, 1, 0, 2, F, 1, viio7/V, 7, diminished, 0, E5, Bb, 1, V, 5, major, 0, F5
179, 1, 0, 0, 1, 0, 0, 1, 0, 0, 1, 0, 0, 1, Bb, 1, viio43, 7, diminished, 2, A5
179, 1, 0, 0, 1, 0, 1, 0, 0, 0, 1, 0, 0, 1, Bb, 1, V42, 5, major, 3, F5
180, 0, 0, 1, 0, 0, 1, 0, 0, 0, 0, 1, 0, 1, Bb, 1, I6, 1, major, 1, Bb5
180, 1, 0, 0, 1, 0, 1, 0, 0, 0, 1, 0, 0, 1, Bb, 1, V65, 5, major, 1, F6
180, 0, 0, 1, 0, 0, 1, 0, 0, 0, 0, 1, 0, 1, Bb, 1, I, 1, major, 0, Bb4
180, 1, 0, 0, 1, 0, 1, 0, 0, 0, 1, 0, 0, 1, Bb, 1, V42, 5, major, 3, F5
181, 0, 0, 1, 0, 0, 1, 0, 0, 0, 0, 1, 0, 1, Bb, 1, I6, 1, major, 1, Bb5
181, 1, 0, 0, 1, 0, 1, 0, 0, 0, 1, 0, 0, 1, Bb, 1, V65, 5, major, 1, F6
181, 0, 0, 1, 0, 0, 1, 0, 0, 0, 0, 1, 0, 1, Bb, 1, I, 1, major, 0, Bb4
181, 1, 0, 0, 1, 0, 1, 0, 0, 0, 1, 0, 0, 1, Bb, 1, V42, 5, major, 3, F5
181, 0, 0, 1, 0, 0, 1, 0, 0, 0, 0, 1, 0, 1, Bb, 1, I6, 1, major, 1, Bb5
181, 1, 0, 0, 1, 0, 1, 0, 0, 0, 1, 0, 0, 1, Bb, 1, V65, 5, major, 1, F6
181, 0, 0, 1, 0, 0, 1, 0, 0, 0, 0, 1, 0, 1, Bb, 1, I, 1, major, 0, Bb4
181, 1, 0, 0, 1, 0, 1, 0, 0, 0, 1, 0, 0, 1, Bb, 1, V42, 5, major, 3, F5
182, 0, 0, 1, 0, 0, 1, 0, 0, 0, 0, 1, 0, 1, Bb, 1, I6, 1, major, 1, Bb5
182, 1, 0, 0, 1, 0, 1, 0, 0, 0, 1, 0, 0, 1, Bb, 1, V65, 5, major, 1, F6
182, 0, 0, 1, 0, 0, 1, 0, 0, 0, 0, 1, 0, 1, Bb, 1, I, 1, major, 0, Bb4
182, 0, 0, 0, 1, 0, 0, 0, 1, 0, 0, 1, 0, 1, Bb, 1, IV6, 4, major, 1, Eb6
183, 1, 0, 0, 1, 0, 0, 0, 1, 0, 0, 0, 0, 1, Bb, 1, ii6, 2, minor, 1, C6
183, 1, 0, 0, 1, 0, 1, 0, 0, 0, 1, 0, 0, 1, Bb, 1, V7, 5, major, 0, F5
184, 0, 0, 1, 0, 0, 1, 0, 0, 0, 0, 1, 0, 1, Bb, 1, I, 1, major, 0, Bb4
184, 1, 0, 0, 1, 0, 1, 0, 0, 0, 1, 0, 0, 1, Bb, 1, V42, 5, major, 3, F5
184, 0, 0, 1, 0, 0, 1, 0, 0, 0, 0, 1, 0, 1, Bb, 1, I6, 1, major, 1, Bb5
184, 1, 0, 0, 1, 0, 1, 0, 0, 0, 1, 0, 0, 1, Bb, 1, V65, 5, major, 1, F6
184, 0, 0, 1, 0, 0, 1, 0, 0, 0, 0, 1, 0, 1, Bb, 1, I, 1, major, 0, Bb4
184, 1, 0, 0, 1, 0, 1, 0, 0, 0, 1, 0, 0, 1, Bb, 1, V42, 5, major, 3, F5
185, 0, 0, 1, 0, 0, 1, 0, 0, 0, 0, 1, 0, 1, Bb, 1, I6, 1, major, 1, Bb5
185, 1, 0, 0, 1, 0, 1, 0, 0, 0, 1, 0, 0, 1, Bb, 1, V65, 5, major, 1, F6
185, 0, 0, 1, 0, 0, 1, 0, 0, 0, 0, 1, 0, 1, Bb, 1, I, 1, major, 0, Bb4
185, 1, 0, 0, 1, 0, 1, 0, 0, 0, 1, 0, 0, 1, Bb, 1, V42, 5, major, 3, F5
185, 0, 0, 1, 0, 0, 1, 0, 0, 0, 0, 1, 0, 1, Bb, 1, I6, 1, major, 1, Bb5
185, 1, 0, 0, 1, 0, 1, 0, 0, 0, 1, 0, 0, 1, Bb, 1, V65, 5, major, 1, F6
185, 0, 0, 1, 0, 0, 1, 0, 0, 0, 0, 1, 0, 1, Bb, 1, I, 1, major, 0, Bb4
186, 0, 0, 1, 0, 0, 0, 0, 1, 0, 0, 1, 0, 1, Bb, 1, vi6, 6, minor, 1, G5
186, 0, 0, 1, 0, 0, 1, 0, 1, 0, 0, 0, 1, 2, C, 0, V7/ii, 5, major, 0, G4, Bb, 1, ii, 2, minor, 0, C5
186, 1, 0, 0, 1, 0, 0, 0, 1, 0, 0, 0, 0, 1, Bb, 1, ii, 2, minor, 0, C5
187, 1, 0, 0, 1, 0, 0, 0, 1, 0, 0, 0, 0, 1, Bb, 1, ii, 2, minor, 0, C5
187, 1, 0, 0, 0, 0, 1, 0, 0, 0, 1, 0, 0, 1, Bb, 1, V, 5, major, 0, F5
188, 0, 0, 1, 0, 0, 1, 0, 0, 0, 0, 1, 0, 1, Bb, 1, I, 1, major, 0, Bb4
189, 1, 0, 0, 1, 0, 0, 1, 0, 0, 0, 0, 0, 1, Bb, 1, iio, 2, diminished, 0, C5
189, 0, 0, 0, 1, 0, 0, 1, 0, 0, 0, 0, 1, 1, Bb, 1, bII, 2, major, 0, Cb5
190, 0, 0, 1, 0, 0, 1, 0, 0, 0, 0, 1, 0, 1, Bb, 1, I, 1, major, 0, Bb4
191, 1, 0, 0, 1, 0, 0, 1, 0, 0, 0, 0, 0, 1, Bb, 1, iio, 2, diminished, 0, C5
191, 0, 0, 0, 1, 0, 0, 1, 0, 0, 0, 0, 1, 1, Bb, 1, N6, 2, major, 1, Cb6
192, 0, 0, 1, 0, 0, 1, 0, 0, 0, 0, 1, 0, 1, Bb, 1, I, 1, major, 0, Bb4
192, 1, 0, 0, 1, 0, 0, 1, 0, 0, 1, 0, 0, 1, Bb, 1, viio43, 7, diminished, 2, A5
193, 0, 0, 1, 0, 0, 1, 0, 0, 0, 0, 1, 0, 1, Bb, 1, I, 1, major, 0, Bb4
193, 0, 0, 0, 1, 0, 0, 1, 0, 0, 0, 0, 1, 1, Bb, 1, N6, 2, major, 1, Cb6
194, 0, 0, 1, 0, 0, 1, 0, 0, 0, 0, 1, 0, 1, Bb, 1, I, 1, major, 0, Bb4
195, 0, 0, 1, 0, 0, 1, 0, 0, 0, 0, 1, 0, 1, Bb, 1, I, 1, major, 0, Bb4
196, 1, 0, 0, 1, 0, 1, 0, 0, 0, 1, 0, 0, 1, Bb, 1, V42, 5, major, 3, F5
197, 1, 0, 0, 1, 0, 1, 0, 0, 0, 1, 0, 0, 1, Bb, 1, V42, 5, major, 3, F5
198, 0, 0, 1, 0, 0, 1, 0, 0, 0, 0, 1, 0, 1, Bb, 1, I, 1, major, 0, Bb4
198, 1, 0, 0, 1, 0, 1, 0, 0, 0, 1, 0, 0, 1, Bb, 1, V7, 5, major, 0, F5
198, 0, 0, 1, 0, 0, 1, 0, 0, 0, 0, 1, 0, 1, Bb, 1, I, 1, major, 0, Bb4
199, 1, 0, 0, 1, 0, 1, 0, 0, 0, 1, 0, 0, 1, Bb, 1, V7, 5, major, 0, F5
199, 0, 0, 1, 0, 0, 1, 0, 0, 0, 0, 1, 0, 1, Bb, 1, I, 1, major, 0, Bb4
199, 1, 0, 0, 1, 0, 1, 0, 0, 0, 1, 0, 0, 1, Bb, 1, V7, 5, major, 0, F5
200, 0, 0, 1, 0, 0, 1, 0, 0, 0, 0, 1, 0, 1, Bb, 1, I, 1, major, 0, Bb4
