1, 1, 0, 0, 1, 0, 0, 0, 0, 1, 0, 0, 0, 1, Ab, 1, I, 1, major, 0, Ab4
1, 1, 0, 0, 1, 0, 0, 0, 0, 1, 0, 0, 0, 1, Ab, 1, I, 1, major, 0, Ab4
2, 0, 1, 0, 1, 0, 0, 0, 1, 0, 0, 1, 0, 1, Ab, 1, V43, 5, major, 2, Eb5
3, 1, 0, 0, 1, 0, 0, 0, 0, 1, 0, 0, 0, 1, Ab, 1, I6, 1, major, 1, Ab5
4, 0, 0, 0, 1, 0, 0, 0, 1, 0, 0, 1, 0, 1, Ab, 1, V6, 5, major, 1, Eb6
4, 1, 0, 0, 1, 0, 0, 0, 0, 1, 0, 0, 0, 1, Ab, 1, I, 1, major, 0, Ab4
4, 0, 0, 0, 1, 0, 0, 0, 1, 0, 0, 1, 0, 1, Ab, 1, V, 5, major, 0, Eb5
5, 0, 1, 0, 0, 0, 1, 0, 0, 1, 0, 0, 0, 1, Ab, 1, IV6, 4, major, 1, Db6
6, 1, 0, 0, 1, 0, 0, 0, 0, 1, 0, 0, 0, 1, Ab, 1, I64, 1, major, 2, Ab5
6, 0, 0, 1, 0, 0, 1, 0, 0, 1, 0, 1, 0, 2, Eb, 1, V65/V, 5, major, 1, Bb5, Ab, 1, V, 5, major, 0, Eb5
6, 0, 1, 0, 0, 0, 0, 0, 1, 0, 0, 1, 0, 1, Ab, 1, viio64, 7, diminished, 2, G5
7, 1, 0, 0, 1, 0, 0, 0, 0, 1, 0, 0, 0, 1, Ab, 1, I6, 1, major, 1, Ab5
7, 1, 0, 0, 0, 0, 1, 0, 0, 1, 0, 0, 0, 1, Ab, 1, vi, 6, minor, 0, F5
7, 0, 1, 0, 0, 1, 0, 0, 1, 0, 0, 1, 0, 1, Ab, 1, viio7, 7, diminished, 0, G5
8, 1, 0, 0, 1, 0, 0, 0, 0, 1, 0, 0, 0, 1, Ab, 1, I, 1, major, 0, Ab4
8, 1, 0, 0, 1, 0, 0, 1, 0, 0, 1, 0, 0, 2, G, 0, viio42/viio, 7, diminished, 3, F#5, Ab, 1, viio, 7, diminished, 0, G5
8, 0, 0, 0, 1, 0, 0, 0, 1, 0, 0, 1, 0, 1, Ab, 1, V, 5, major, 0, Eb5
9, 0, 0, 0, 1, 0, 0, 0, 1, 0, 0, 1, 0, 1, Ab, 1, V, 5, major, 0, Eb5
10, 0, 0, 0, 1, 0, 0, 0, 1, 0, 0, 1, 0, 1, Ab, 1, V, 5, major, 0, Eb5
11, 0, 0, 0, 1, 0, 0, 0, 1, 0, 0, 1, 0, 1, Ab, 1, V, 5, major, 0, Eb5
12, 0, 0, 0, 1, 0, 0, 0, 1, 0, 0, 1, 0, 1, Ab, 1, V, 5, major, 0, Eb5
13, 0, 0, 0, 1, 0, 0, 0, 1, 0, 0, 1, 0, 1, Ab, 1, V, 5, major, 0, Eb5
14, 0, 0, 0, 1, 0, 0, 0, 1, 0, 0, 1, 0, 1, Ab, 1, V, 5, major, 0, Eb5
15, 0, 0, 0, 1, 0, 0, 0, 1, 0, 0, 1, 0, 1, Ab, 1, V, 5, major, 0, Eb5
15, 1, 0, 0, 1, 0, 0, 0, 0, 1, 0, 0, 0, 1, Ab, 1, I64, 1, major, 2, Ab5
16, 0, 1, 0, 1, 0, 0, 0, 1, 0, 0, 1, 0, 1, Ab, 1, V7, 5, major, 0, Eb5
16, 1, 0, 0, 1, 0, 0, 0, 0, 1, 0, 0, 0, 1, Ab, 1, I, 1, major, 0, Ab4
17, 1, 0, 0, 1, 0, 1, 0, 0, 0, 1, 0, 0, 2, Bb, 0, V7/ii, 5, major, 0, F5, Ab, 1, ii, 2, minor, 0, Bb4
18, 0, 1, 0, 0, 0, 1, 0, 0, 0, 0, 1, 0, 1, Ab, 1, ii, 2, minor, 0, Bb4
19, 0, 1, 0, 1, 0, 0, 0, 1, 0, 0, 1, 0, 1, Ab, 1, V7, 5, major, 0, Eb5
20, 1, 0, 0, 1, 0, 0, 0, 0, 1, 0, 0, 0, 1, Ab, 1, I, 1, major, 0, Ab4
21, 1, 0, 0, 1, 0, 0, 0, 0, 1, 0, 0, 0, 1, Ab, 1, I, 1, major, 0, Ab4
21, 0, 0, 1, 0, 0, 1, 0, 0, 1, 0, 0, 1, 2, C, 0, viio42/iii, 7, diminished, 3, B4, Ab, 1, iii, 3, minor, 0, C5
22, 0, 1, 0, 0, 1, 0, 0, 1, 0, 0, 1, 0, 2, F, 0, viio65/vi, 7, diminished, 1, E5, Ab, 1, vi, 6, minor, 0, F5
22, 1, 0, 0, 0, 0, 1, 0, 0, 1, 0, 0, 0, 1, Ab, 1, vi6, 6, minor, 1, F5
22, 1, 0, 0, 0, 1, 0, 0, 1, 0, 0, 0, 0, 2, F, 0, V6/vi, 5, major, 1, C6, Ab, 1, vi, 6, minor, 0, F5
23, 1, 0, 0, 0, 0, 1, 0, 0, 1, 0, 0, 0, 1, Ab, 1, vi, 6, minor, 0, F5
23, 0, 0, 0, 1, 0, 0, 0, 1, 0, 0, 1, 0, 1, Eb, 1, I64, 1, major, 2, Eb5
24, 0, 0, 1, 0, 0, 1, 0, 0, 1, 0, 0, 1, 2, C, 0, viio7/vi, 7, diminished, 0, B4, Eb, 1, vi, 6, minor, 0, C5
24, 1, 0, 0, 1, 0, 0, 0, 1, 0, 0, 0, 0, 1, Eb, 1, vi, 6, minor, 0, C5
24, 1, 0, 0, 1, 0, 0, 0, 0, 1, 0, 0, 0, 1, Eb, 1, IV, 4, major, 0, Ab4
25, 1, 0, 0, 0, 0, 1, 0, 0, 0, 1, 0, 0, 2, Bb, 1, V6/V, 5, major, 1, F6, Eb, 1, V, 5, major, 0, Bb4
25, 0, 0, 0, 1, 0, 0, 0, 1, 0, 0, 1, 0, 1, Eb, 1, I64, 1, major, 2, Eb5
26, 0, 0, 1, 0, 0, 1, 0, 0, 1, 0, 1, 0, 1, Eb, 1, V7, 5, major, 0, Bb4
26, 0, 0, 0, 1, 0, 0, 0, 1, 0, 0, 1, 0, 1, Eb, 1, I, 1, major, 0, Eb4
26, 0, 0, 1, 0, 0, 1, 0, 0, 1, 0, 0, 0, 2, Eb, 1, viio6/V, 7, diminished, 1, D5, Ab, 1, V, 5, major, 0, Eb5
27, 0, 1, 0, 1, 0, 0, 0, 1, 0, 0, 1, 0, 1, Ab, 1, V65, 5, major, 1, Eb6
27, 0, 1, 0, 1, 0, 0, 0, 1, 0, 0, 1, 0, 1, Ab, 1, V65, 5, major, 1, Eb6
28, 0, 1, 0, 1, 0, 0, 0, 1, 0, 0, 1, 0, 1, Ab, 1, V65, 5, major, 1, Eb6
29, 0, 1, 0, 1, 0, 0, 0, 1, 0, 0, 1, 0, 1, Ab, 1, V65, 5, major, 1, Eb6
30, 0, 1, 0, 1, 0, 0, 0, 1, 0, 0, 1, 0, 1, Ab, 1, V65, 5, major, 1, Eb6
31, 0, 1, 0, 0, 0, 1, 0, 0, 1, 0, 0, 0, 1, Ab, 1, IV6, 4, major, 1, Db6
32, 1, 0, 0, 1, 0, 0, 0, 0, 1, 0, 0, 0, 1, Ab, 1, I64, 1, major, 2, Ab5
32, 0, 0, 1, 0, 0, 1, 0, 0, 1, 0, 0, 0, 2, Eb, 1, viio/V, 7, diminished, 0, D5, Ab, 1, V, 5, major, 0, Eb5
32, 0, 1, 0, 0, 0, 0, 0, 1, 0, 0, 1, 0, 1, Ab, 1, viio64, 7, diminished, 2, G5
33, 1, 0, 0, 1, 0, 0, 0, 0, 1, 0, 0, 0, 1, Ab, 1, I6, 1, major, 1, Ab5
33, 1, 0, 0, 1, 0, 0, 0, 0, 1, 0, 0, 0, 1, Ab, 1, I6, 1, major, 1, Ab5
33, 1, 0, 0, 1, 0, 0, 0, 0, 1, 0, 0, 0, 1, Ab, 1, I64, 1, major, 2, Ab5
34, 0, 1, 0, 1, 0, 0, 0, 1, 0, 0, 1, 0, 1, Ab, 1, V7, 5, major, 0, Eb5
34, 1, 0, 0, 1, 0, 0, 0, 0, 1, 0, 0, 0, 1, Ab, 1, I, 1, major, 0, Ab4
35, 1, 0, 0, 1, 0, 0, 0, 0, 1, 0, 0, 0, 1, Ab, 1, I, 1, major, 0, Ab4
35, 1, 0, 0, 1, 0, 0, 0, 0, 1, 0, 0, 0, 1, Ab, 1, I, 1, major, 0, Ab4
36, 1, 0, 0, 1, 0, 0, 0, 0, 1, 0, 0, 0, 1, Ab, 1, I, 1, major, 0, Ab4
37, 1, 0, 0, 1, 0, 0, 0, 0, 1, 0, 0, 0, 1, Ab, 1, I, 1, major, 0, Ab4
38, 1, 0, 0, 1, 0, 0, 0, 0, 1, 0, 0, 0, 1, Ab, 1, I, 1, major, 0, Ab4
39, 1, 0, 0, 1, 0, 0, 0, 0, 1, 0, 0, 0, 1, Ab, 1, I, 1, major, 0, Ab4
40, 0, 0, 1, 0, 0, 1, 0, 0, 1, 0, 1, 0, 2, Eb, 1, V65/V, 5, major, 1, Bb5, Ab, 1, V, 5, major, 0, Eb5
40, 0, 0, 1, 0, 0, 1, 0, 1, 0, 0, 1, 0, 1, Ab, 1, viihalfdim43, 7, minor, 2, G5
41, 1, 0, 0, 1, 0, 0, 0, 0, 1, 0, 0, 0, 1, Ab, 1, I6, 1, major, 1, Ab5
41, 0, 1, 0, 0, 0, 1, 0, 0, 1, 0, 0, 0, 1, Ab, 1, IV6, 4, major, 1, Db6
41, 0, 1, 0, 0, 1, 0, 0, 1, 0, 0, 1, 0, 1, Ab, 1, viio7, 7, diminished, 0, G5
42, 1, 0, 0, 1, 0, 0, 0, 0, 1, 0, 0, 0, 1, Ab, 1, I, 1, major, 0, Ab4
42, 1, 0, 0, 1, 0, 0, 0, 0, 1, 0, 0, 0, 1, Ab, 1, I, 1, major, 0, Ab4
43, 1, 0, 0, 1, 0, 0, 0, 0, 1, 0, 0, 0, 1, Ab, 1, I, 1, major, 0, Ab4
44, 1, 0, 0, 1, 0, 0, 0, 0, 1, 0, 0, 0, 1, Ab, 1, I, 1, major, 0, Ab4
45, 1, 0, 0, 1, 0, 0, 0, 0, 1, 0, 0, 0, 1, Ab, 1, I, 1, major, 0, Ab4
46, 1, 0, 0, 1, 0, 0, 0, 0, 1, 0, 0, 0, 1, Ab, 1, I, 1, major, 0, Ab4
47, 1, 0, 0, 1, 0, 0, 0, 0, 1, 0, 0, 0, 1, Ab, 1, I, 1, major, 0, Ab4
48, 1, 0, 0, 1, 0, 0, 0, 0, 1, 0, 0, 0, 1, Ab, 1, I, 1, major, 0, Ab4
49, 1, 0, 0, 1, 0, 0, 0, 0, 1, 0, 0, 0, 1, Ab, 1, I64, 1, major, 2, Ab5
50, 0, 1, 0, 1, 0, 0, 0, 1, 0, 0, 1, 0, 1, Ab, 1, V7, 5, major, 0, Eb5
50, 1, 0, 0, 1, 0, 0, 0, 0, 1, 0, 0, 0, 1, Ab, 1, I, 1, major, 0, Ab4
51, 1, 0, 0, 1, 0, 0, 0, 0, 1, 0, 0, 0, 1, Ab, 1, I, 1, major, 0, Ab4
52, 1, 0, 0, 1, 0, 0, 0, 0, 1, 0, 0, 0, 1, Ab, 1, I, 1, major, 0, Ab4
53, 1, 0, 0, 1, 0, 0, 0, 0, 1, 0, 0, 0, 1, Ab, 1, I, 1, major, 0, Ab4
54, 1, 0, 0, 1, 0, 0, 0, 0, 1, 0, 0, 0, 1, Ab, 1, I, 1, major, 0, Ab4
55, 1, 0, 0, 1, 0, 0, 0, 0, 1, 0, 0, 0, 1, Ab, 1, I, 1, major, 0, Ab4
55, 0, 0, 1, 0, 0, 1, 0, 0, 1, 0, 0, 1, 2, C, 0, viio42/iii, 7, diminished, 3, B4, Ab, 1, iii, 3, minor, 0, C5
56, 0, 1, 0, 0, 1, 0, 0, 1, 0, 0, 1, 0, 2, F, 0, viio65/vi, 7, diminished, 1, E5, Ab, 1, vi, 6, minor, 0, F5
56, 1, 0, 0, 0, 0, 1, 0, 0, 1, 0, 0, 0, 1, Ab, 1, vi6, 6, minor, 1, F5
56, 1, 0, 0, 0, 1, 0, 0, 1, 0, 0, 0, 0, 2, F, 0, V6/vi, 5, major, 1, C6, Ab, 1, vi, 6, minor, 0, F5
57, 1, 0, 0, 0, 0, 1, 0, 0, 1, 0, 0, 0, 1, Ab, 1, vi, 6, minor, 0, F5
57, 0, 0, 0, 1, 0, 0, 0, 1, 0, 0, 1, 0, 1, Eb, 1, I64, 1, major, 2, Eb5
58, 0, 0, 1, 0, 0, 1, 0, 0, 1, 0, 0, 1, 2, C, 0, viio7/vi, 7, diminished, 0, B4, Eb, 1, vi, 6, minor, 0, C5
58, 1, 0, 0, 1, 0, 0, 0, 1, 0, 0, 0, 0, 1, Eb, 1, vi, 6, minor, 0, C5
59, 1, 0, 0, 0, 0, 1, 0, 0, 0, 1, 0, 0, 2, Bb, 1, V6/V, 5, major, 1, F6, Eb, 1, V, 5, major, 0, Bb4
59, 0, 0, 0, 1, 0, 0, 0, 1, 0, 0, 1, 0, 1, Eb, 1, I64, 1, major, 2, Eb5
60, 0, 0, 1, 0, 0, 1, 0, 0, 1, 0, 1, 0, 1, Eb, 1, V7, 5, major, 0, Bb4
60, 0, 0, 0, 1, 0, 0, 0, 1, 0, 0, 1, 0, 1, Eb, 1, I, 1, major, 0, Eb4
60, 0, 0, 1, 0, 0, 1, 0, 0, 1, 0, 0, 0, 2, Eb, 1, viio6/V, 7, diminished, 1, D5, Ab, 1, V, 5, major, 0, Eb5
61, 0, 1, 0, 1, 0, 0, 0, 1, 0, 0, 1, 0, 1, Ab, 1, V65, 5, major, 1, Eb6
61, 0, 1, 0, 1, 0, 0, 0, 1, 0, 0, 1, 0, 1, Ab, 1, V65, 5, major, 1, Eb6
62, 0, 1, 0, 1, 0, 0, 0, 1, 0, 0, 1, 0, 1, Ab, 1, V65, 5, major, 1, Eb6
63, 0, 1, 0, 1, 0, 0, 0, 1, 0, 0, 1, 0, 1, Ab, 1, V65, 5, major, 1, Eb6
64, 0, 1, 0, 1, 0, 0, 0, 1, 0, 0, 1, 0, 1, Ab, 1, V65, 5, major, 1, Eb6
65, 0, 1, 0, 1, 0, 0, 0, 1, 0, 0, 1, 0, 1, Ab, 1, V65, 5, major, 1, Eb6
66, 0, 1, 0, 1, 0, 0, 0, 1, 0, 0, 1, 0, 1, Ab, 1, V65, 5, major, 1, Eb6
67, 0, 1, 0, 1, 0, 0, 0, 1, 0, 0, 1, 0, 1, Ab, 1, V65, 5, major, 1, Eb6
68, 0, 1, 0, 1, 0, 0, 0, 1, 0, 0, 1, 0, 1, Ab, 1, V65, 5, major, 1, Eb6
69, 1, 0, 0, 1, 0, 0, 0, 0, 1, 0, 0, 0, 1, Ab, 1, I, 1, major, 0, Ab4
70, 0, 1, 0, 1, 0, 0, 0, 1, 0, 0, 1, 0, 1, Ab, 1, V65, 5, major, 1, Eb6
71, 1, 0, 0, 1, 0, 0, 0, 0, 1, 0, 0, 0, 1, Ab, 1, I, 1, major, 0, Ab4
72, 0, 1, 0, 1, 0, 0, 0, 1, 0, 0, 1, 0, 1, Ab, 1, V7, 5, major, 0, Eb5
72, 1, 0, 0, 1, 0, 0, 0, 0, 1, 0, 0, 0, 1, Ab, 1, I64, 1, major, 2, Ab5
72, 0, 0, 0, 1, 0, 0, 0, 1, 0, 0, 1, 0, 1, Ab, 1, V, 5, major, 0, Eb5
73, 0, 1, 0, 0, 0, 1, 0, 0, 1, 0, 0, 0, 1, Ab, 1, IV, 4, major, 0, Db5
74, 1, 0, 0, 1, 0, 0, 0, 0, 1, 0, 0, 0, 1, Ab, 1, I64, 1, major, 2, Ab5
74, 0, 0, 1, 0, 0, 1, 0, 0, 1, 0, 0, 0, 2, Eb, 1, viio/V, 7, diminished, 0, D5, Ab, 1, V, 5, major, 0, Eb5
74, 0, 1, 0, 0, 0, 0, 0, 1, 0, 0, 1, 0, 1, Ab, 1, viio64, 7, diminished, 2, G5
75, 1, 0, 0, 1, 0, 0, 0, 0, 1, 0, 0, 0, 1, Ab, 1, I6, 1, major, 1, Ab5
75, 0, 1, 0, 0, 0, 1, 0, 0, 1, 0, 0, 0, 1, Ab, 1, IV6, 4, major, 1, Db6
75, 0, 1, 0, 1, 0, 0, 0, 1, 0, 0, 1, 0, 1, Ab, 1, V65, 5, major, 1, Eb6
76, 1, 0, 0, 1, 0, 0, 0, 0, 1, 0, 0, 0, 1, Ab, 1, I, 1, major, 0, Ab4
76, 1, 0, 0, 1, 0, 0, 1, 0, 0, 1, 0, 0, 2, G, 0, viio42/viio, 7, diminished, 3, F#5, Ab, 1, viio, 7, diminished, 0, G5
76, 0, 0, 0, 1, 0, 0, 0, 1, 0, 0, 1, 0, 1, Ab, 1, V, 5, major, 0, Eb5
77, 0, 0, 0, 1, 0, 0, 0, 1, 0, 0, 1, 0, 1, Ab, 1, V, 5, major, 0, Eb5
78, 0, 0, 0, 1, 0, 0, 0, 1, 0, 0, 1, 0, 1, Ab, 1, V, 5, major, 0, Eb5
79, 1, 0, 0, 1, 0, 0, 0, 0, 1, 0, 0, 0, 1, Ab, 1, I6, 1, major, 1, Ab5
80, 0, 1, 0, 1, 0, 0, 0, 1, 0, 0, 1, 0, 1, Ab, 1, V65, 5, major, 1, Eb6
80, 0, 1, 0, 1, 0, 0, 0, 1, 0, 0, 1, 0, 1, Ab, 1, V65, 5, major, 1, Eb6
81, 0, 1, 0, 0, 0, 1, 0, 0, 1, 0, 0, 0, 1, Ab, 1, IV6, 4, major, 1, Db6
82, 1, 0, 0, 1, 0, 0, 0, 0, 1, 0, 0, 0, 1, Ab, 1, I64, 1, major, 2, Ab5
82, 0, 0, 1, 0, 0, 1, 0, 0, 1, 0, 0, 0, 2, Eb, 1, viio/V, 7, diminished, 0, D5, Ab, 1, V, 5, major, 0, Eb5
82, 0, 1, 0, 0, 0, 0, 0, 1, 0, 0, 1, 0, 1, Ab, 1, viio64, 7, diminished, 2, G5
83, 1, 0, 0, 1, 0, 0, 0, 0, 1, 0, 0, 0, 1, Ab, 1, I6, 1, major, 1, Ab5
83, 1, 0, 0, 1, 0, 0, 0, 0, 1, 0, 0, 0, 1, Ab, 1, I64, 1, major, 2, Ab5
84, 0, 1, 0, 1, 0, 0, 0, 1, 0, 0, 1, 0, 1, Ab, 1, V7, 5, major, 0, Eb5
84, 1, 0, 0, 1, 0, 0, 0, 0, 1, 0, 0, 0, 1, Ab, 1, I, 1, major, 0, Ab4
85, 1, 0, 0, 1, 0, 1, 0, 0, 0, 1, 0, 0, 2, Bb, 0, V65/ii, 5, major, 1, F6, Ab, 1, ii, 2, minor, 0, Bb4
86, 0, 1, 0, 0, 0, 1, 0, 0, 0, 0, 1, 0, 1, Ab, 1, ii, 2, minor, 0, Bb4
87, 0, 1, 0, 1, 0, 0, 0, 1, 0, 0, 1, 0, 1, Ab, 1, V65, 5, major, 1, Eb6
88, 1, 0, 0, 1, 0, 0, 0, 0, 1, 0, 0, 0, 1, Ab, 1, I, 1, major, 0, Ab4
89, 1, 0, 0, 1, 0, 0, 0, 0, 1, 0, 0, 0, 1, Ab, 1, I6, 1, major, 1, Ab5
89, 1, 0, 0, 1, 0, 0, 1, 0, 0, 1, 0, 0, 2, Bb, 0, viio7/ii, 7, diminished, 0, A5, Ab, 1, ii, 2, minor, 0, Bb4
90, 0, 1, 0, 0, 0, 0, 0, 1, 0, 0, 1, 0, 1, Ab, 1, viio64, 7, diminished, 2, G5
90, 1, 0, 0, 0, 0, 1, 0, 0, 1, 0, 0, 0, 1, Ab, 1, vi6, 6, minor, 1, F5
90, 1, 0, 0, 0, 1, 0, 0, 1, 0, 0, 0, 0, 2, F, 0, V6/vi, 5, major, 1, C6, Ab, 1, vi, 6, minor, 0, F5
91, 1, 0, 0, 0, 0, 1, 0, 0, 1, 0, 0, 0, 1, Ab, 1, vi, 6, minor, 0, F5
91, 0, 0, 0, 1, 0, 0, 0, 1, 0, 0, 1, 0, 1, Eb, 1, I64, 1, major, 2, Eb5
92, 0, 0, 1, 0, 0, 1, 0, 0, 1, 0, 0, 1, 2, C, 0, viio7/vi, 7, diminished, 0, B4, Eb, 1, vi, 6, minor, 0, C5
92, 1, 0, 0, 1, 0, 0, 0, 1, 0, 0, 0, 0, 1, Eb, 1, vi, 6, minor, 0, C5
93, 1, 0, 0, 0, 1, 0, 0, 1, 0, 1, 0, 0, 2, Bb, 1, viihalfdim7/V, 7, minor, 0, A5, Eb, 1, V, 5, major, 0, Bb4
93, 0, 0, 0, 1, 0, 0, 0, 1, 0, 0, 1, 0, 1, Eb, 1, I64, 1, major, 2, Eb5
94, 0, 0, 1, 0, 0, 1, 0, 0, 1, 0, 1, 0, 1, Eb, 1, V7, 5, major, 0, Bb4
94, 0, 0, 0, 1, 0, 0, 0, 1, 0, 0, 1, 0, 1, Eb, 1, I, 1, major, 0, Eb4
94, 0, 0, 1, 0, 0, 1, 0, 0, 1, 0, 0, 0, 2, Eb, 1, viio6/V, 7, diminished, 1, D5, Ab, 1, V, 5, major, 0, Eb5
95, 0, 1, 0, 1, 0, 0, 0, 1, 0, 0, 1, 0, 1, Ab, 1, V65, 5, major, 1, Eb6
95, 0, 1, 0, 1, 0, 0, 0, 1, 0, 0, 1, 0, 1, Ab, 1, V65, 5, major, 1, Eb6
96, 0, 1, 0, 1, 0, 0, 0, 1, 0, 0, 1, 0, 1, Ab, 1, V65, 5, major, 1, Eb6
97, 0, 1, 0, 1, 0, 0, 0, 1, 0, 0, 1, 0, 1, Ab, 1, V65, 5, major, 1, Eb6
98, 0, 1, 0, 1, 0, 0, 0, 1, 0, 0, 1, 0, 1, Ab, 1, V65, 5, major, 1, Eb6
99, 0, 1, 0, 0, 0, 1, 0, 0, 1, 0, 0, 0, 1, Ab, 1, IV, 4, major, 0, Db5
100, 1, 0, 0, 1, 0, 0, 0, 0, 1, 0, 0, 0, 1, Ab, 1, I64, 1, major, 2, Ab5
100, 0, 0, 1, 0, 0, 1, 0, 0, 1, 0, 0, 0, 2, Eb, 1, viio/V, 7, diminished, 0, D5, Ab, 1, V, 5, major, 0, Eb5
100, 0, 1, 0, 0, 0, 0, 0, 1, 0, 0, 1, 0, 1, Ab, 1, viio64, 7, diminished, 2, G5
101, 1, 0, 0, 1, 0, 0, 0, 0, 1, 0, 0, 0, 1, Ab, 1, I6, 1, major, 1, Ab5
101, 1, 0, 0, 1, 0, 0, 0, 0, 1, 0, 0, 0, 1, Ab, 1, I64, 1, major, 2, Ab5
102, 0, 1, 0, 1, 0, 0, 0, 1, 0, 0, 1, 0, 1, Ab, 1, V7, 5, major, 0, Eb5
102, 1, 0, 0, 1, 0, 0, 0, 0, 1, 0, 0, 0, 1, Ab, 1, I, 1, major, 0, Ab4
103, 0, 0, 0, 1, 0, 0, 0, 0, 1, 0, 0, 1, 1, Ab, 0, i, 1, minor, 0, Ab4
103, 0, 0, 0, 1, 0, 0, 0, 0, 1, 0, 0, 1, 1, Ab, 0, i, 1, minor, 0, Ab4
104, 0, 1, 0, 0, 0, 0, 0, 1, 0, 0, 1, 0, 1, Ab, 0, viio6, 7, diminished, 1, G5
105, 0, 0, 0, 1, 0, 0, 0, 0, 1, 0, 0, 1, 1, Ab, 0, i6, 1, minor, 1, Ab5
106, 0, 1, 0, 0, 1, 0, 0, 0, 0, 1, 0, 0, 1, Ab, 0, N6, 2, major, 1, Bbb5
107, 1, 0, 0, 1, 0, 0, 1, 0, 0, 1, 0, 0, 2, Db, 0, viio65/iv, 7, diminished, 1, C5, Ab, 0, iv, 4, minor, 0, Db5
108, 0, 1, 0, 0, 1, 0, 0, 0, 1, 0, 0, 0, 1, Ab, 0, iv6, 4, minor, 1, Db6
109, 0, 0, 1, 0, 0, 1, 0, 0, 1, 0, 0, 1, 2, Eb, 1, viio65/V, 7, diminished, 1, D5, Ab, 0, V, 5, major, 0, Eb5
110, 0, 0, 0, 1, 0, 0, 0, 1, 0, 0, 1, 0, 1, Ab, 0, V, 5, major, 0, Eb5
111, 0, 0, 0, 1, 0, 0, 0, 1, 0, 0, 1, 0, 1, Ab, 0, V, 5, major, 0, Eb5
112, 0, 0, 0, 1, 0, 0, 0, 1, 0, 0, 1, 0, 1, Ab, 0, V, 5, major, 0, Eb5
113, 0, 0, 0, 1, 0, 0, 0, 1, 0, 0, 1, 0, 1, Ab, 0, V, 5, major, 0, Eb5
114, 0, 0, 0, 1, 0, 0, 0, 1, 0, 0, 1, 0, 1, Ab, 0, V, 5, major, 0, Eb5
115, 1, 0, 0, 1, 0, 0, 1, 0, 0, 1, 0, 0, 2, Db, 0, viio65/iv, 7, diminished, 1, C5, Ab, 0, iv, 4, minor, 0, Db5
116, 0, 1, 0, 0, 1, 0, 0, 0, 1, 0, 0, 0, 1, Ab, 0, iv6, 4, minor, 1, Db6
117, 0, 0, 1, 0, 0, 1, 0, 0, 1, 0, 0, 1, 2, Eb, 1, viio65/V, 7, diminished, 1, D5, Ab, 0, V, 5, major, 0, Eb5
117, 0, 0, 0, 1, 0, 0, 0, 0, 1, 0, 0, 1, 1, Ab, 0, i64, 1, minor, 2, Ab5
118, 0, 0, 0, 1, 0, 0, 0, 1, 0, 0, 1, 0, 1, Ab, 0, V, 5, major, 0, Eb5
118, 0, 0, 0, 1, 0, 0, 0, 0, 1, 0, 0, 1, 1, Ab, 0, i, 1, minor, 0, Ab4
119, 0, 0, 0, 1, 0, 0, 1, 0, 0, 1, 0, 0, 2, Fb, 1, viio64/VI, 7, diminished, 2, Eb5, Ab, 0, VI, 6, major, 0, Fb5
119, 0, 0, 0, 1, 0, 0, 1, 0, 0, 1, 0, 0, 2, Fb, 1, viio64/VI, 7, diminished, 2, Eb5, Ab, 0, VI, 6, major, 0, Fb5
119, 1, 0, 0, 1, 0, 0, 1, 0, 1, 0, 0, 0, 2, Db, 0, V7/iv, 5, major, 0, Ab4, Ab, 0, iv, 4, minor, 0, Db5
120, 0, 1, 0, 0, 1, 0, 0, 0, 1, 0, 0, 0, 1, Ab, 0, iv, 4, minor, 0, Db5
121, 0, 1, 0, 1, 0, 0, 0, 1, 0, 0, 1, 0, 1, Ab, 0, V7, 5, major, 0, Eb5
122, 0, 0, 0, 1, 0, 0, 0, 0, 1, 0, 0, 1, 1, Ab, 0, i, 1, minor, 0, Ab4
123, 0, 0, 1, 0, 0, 1, 0, 0, 1, 0, 1, 0, 1, Eb, 0, V65, 5, major, 1, Bb5
124, 0, 0, 0, 1, 0, 0, 1, 0, 0, 0, 1, 0, 1, Eb, 0, i, 1, minor, 0, Eb4
125, 0, 0, 0, 1, 0, 0, 1, 0, 0, 0, 1, 0, 1, Eb, 0, i64, 1, minor, 2, Eb5
126, 0, 0, 1, 0, 0, 1, 0, 0, 0, 0, 1, 0, 1, Eb, 0, V, 5, major, 0, Bb4
126, 0, 0, 0, 1, 0, 0, 1, 0, 0, 0, 0, 1, 1, Eb, 0, VI, 6, major, 0, Cb5
127, 1, 0, 0, 0, 0, 1, 0, 0, 0, 1, 0, 0, 2, Bb, 1, V6/V, 5, major, 1, F6, Eb, 0, V, 5, major, 0, Bb4
127, 0, 0, 0, 1, 0, 0, 1, 0, 0, 0, 1, 0, 1, Eb, 0, i64, 1, minor, 2, Eb5
128, 0, 0, 1, 0, 0, 1, 0, 0, 0, 0, 1, 0, 1, Eb, 0, V, 5, major, 0, Bb4
128, 0, 0, 0, 1, 0, 0, 1, 0, 0, 0, 1, 0, 1, Eb, 0, i, 1, minor, 0, Eb4
128, 0, 1, 0, 1, 0, 0, 0, 1, 0, 0, 1, 0, 1, Ab, 0, V43, 5, major, 2, Eb5
129, 0, 1, 0, 1, 0, 0, 0, 1, 0, 0, 1, 0, 1, Ab, 0, V43, 5, major, 2, Eb5
130, 0, 1, 0, 1, 0, 0, 0, 1, 0, 0, 1, 0, 1, Ab, 0, V43, 5, major, 2, Eb5
131, 0, 1, 0, 1, 0, 0, 0, 1, 0, 0, 1, 0, 1, Ab, 0, V43, 5, major, 2, Eb5
132, 0, 1, 0, 1, 0, 0, 0, 1, 0, 0, 1, 0, 1, Ab, 0, V43, 5, major, 2, Eb5
133, 1, 0, 0, 1, 0, 0, 1, 0, 0, 1, 0, 0, 2, Db, 0, viio65/iv, 7, diminished, 1, C5, Ab, 0, iv, 4, minor, 0, Db5
134, 0, 1, 0, 0, 1, 0, 0, 0, 1, 0, 0, 0, 1, Ab, 0, iv6, 4, minor, 1, Db6
135, 0, 0, 1, 0, 0, 1, 0, 0, 1, 0, 0, 1, 2, Eb, 1, viio65/V, 7, diminished, 1, D5, Ab, 0, V, 5, major, 0, Eb5
135, 0, 0, 0, 1, 0, 0, 0, 0, 1, 0, 0, 1, 1, Ab, 0, i64, 1, minor, 2, Ab5
136, 0, 0, 0, 1, 0, 0, 0, 1, 0, 0, 1, 0, 1, Ab, 0, V, 5, major, 0, Eb5
136, 0, 0, 0, 1, 0, 0, 0, 0, 1, 0, 0, 1, 1, Ab, 0, i, 1, minor, 0, Ab4
137, 1, 0, 0, 1, 0, 0, 0, 0, 1, 0, 0, 0, 1, Ab, 1, I, 1, major, 0, Ab4
137, 1, 0, 0, 1, 0, 0, 0, 0, 1, 0, 0, 0, 1, Ab, 1, I, 1, major, 0, Ab4
138, 0, 1, 0, 0, 0, 0, 0, 1, 0, 0, 1, 0, 1, Ab, 1, viio6, 7, diminished, 1, G5
139, 1, 0, 0, 1, 0, 0, 0, 0, 1, 0, 0, 0, 1, Ab, 1, I6, 1, major, 1, Ab5
140, 1, 0, 1, 0, 0, 1, 0, 0, 0, 1, 0, 0, 2, Eb, 1, viihalfdim7/V, 7, minor, 0, D5, Ab, 1, V, 5, major, 0, Eb5
140, 0, 0, 0, 1, 0, 0, 0, 1, 0, 0, 1, 0, 1, Ab, 1, V, 5, major, 0, Eb5
141, 0, 1, 0, 0, 0, 1, 0, 0, 1, 0, 0, 0, 1, Ab, 1, IV6, 4, major, 1, Db6
141, 0, 1, 0, 0, 1, 0, 0, 1, 0, 0, 1, 0, 1, Ab, 1, viio7, 7, diminished, 0, G5
141, 1, 0, 0, 1, 0, 0, 0, 0, 1, 0, 0, 0, 1, Ab, 1, I, 1, major, 0, Ab4
142, 0, 0, 1, 0, 0, 1, 0, 0, 1, 0, 0, 0, 2, Eb, 1, viio/V, 7, diminished, 0, D5, Ab, 1, V, 5, major, 0, Eb5
142, 0, 1, 0, 1, 0, 0, 0, 1, 0, 0, 1, 0, 1, Ab, 1, V42, 5, major, 3, Eb5
142, 1, 0, 0, 1, 0, 0, 0, 0, 1, 0, 0, 0, 1, Ab, 1, I6, 1, major, 1, Ab5
143, 0, 0, 1, 0, 0, 1, 0, 0, 1, 0, 0, 1, 2, Eb, 1, viio65/V, 7, diminished, 1, D5, Ab, 1, V, 5, major, 0, Eb5
143, 0, 1, 0, 0, 1, 0, 0, 1, 0, 0, 1, 0, 1, Ab, 1, viio7, 7, diminished, 0, G5
143, 1, 0, 0, 1, 0, 0, 0, 0, 1, 0, 0, 0, 1, Ab, 1, I, 1, major, 0, Ab4
144, 0, 0, 1, 0, 0, 1, 0, 0, 1, 0, 0, 1, 2, Eb, 1, viio7/V, 7, diminished, 0, D5, Ab, 1, V, 5, major, 0, Eb5
144, 0, 0, 0, 1, 0, 0, 0, 1, 0, 0, 1, 0, 1, Ab, 1, V, 5, major, 0, Eb5
145, 0, 0, 0, 1, 0, 0, 0, 1, 0, 0, 1, 0, 1, Ab, 1, V, 5, major, 0, Eb5
146, 0, 0, 0, 1, 0, 0, 0, 1, 0, 0, 1, 0, 1, Ab, 1, V, 5, major, 0, Eb5
147, 0, 0, 0, 1, 0, 0, 0, 1, 0, 0, 1, 0, 1, Ab, 1, V, 5, major, 0, Eb5
148, 0, 0, 0, 1, 0, 0, 0, 1, 0, 0, 1, 0, 1, Ab, 1, V, 5, major, 0, Eb5
149, 0, 0, 0, 1, 0, 0, 0, 1, 0, 0, 1, 0, 1, Ab, 1, V, 5, major, 0, Eb5
150, 0, 0, 0, 1, 0, 0, 0, 1, 0, 0, 1, 0, 1, Ab, 1, V, 5, major, 0, Eb5
151, 1, 0, 0, 1, 0, 0, 0, 0, 1, 0, 0, 0, 1, Ab, 1, I64, 1, major, 2, Ab5
152, 0, 1, 0, 1, 0, 0, 0, 1, 0, 0, 1, 0, 1, Ab, 1, V7, 5, major, 0, Eb5
152, 1, 0, 0, 1, 0, 0, 0, 0, 1, 0, 0, 0, 1, Ab, 1, I, 1, major, 0, Ab4
153, 0, 1, 0, 0, 0, 0, 1, 0, 0, 0, 1, 0, 1, Bb, 0, VI6, 6, major, 1, Gb5
153, 1, 0, 0, 0, 0, 1, 0, 0, 0, 1, 0, 0, 1, Bb, 0, V6, 5, major, 1, F6
154, 1, 0, 0, 1, 0, 1, 0, 0, 0, 1, 0, 0, 1, Bb, 0, V65, 5, major, 1, F6
154, 0, 1, 0, 0, 0, 1, 0, 0, 0, 0, 1, 0, 1, Bb, 0, i, 1, minor, 0, Bb4
155, 0, 0, 0, 0, 1, 0, 0, 0, 1, 0, 0, 1, 1, Ab, 0, VI6, 6, major, 1, Fb5
155, 0, 0, 0, 1, 0, 0, 0, 1, 0, 0, 1, 0, 1, Ab, 0, V6, 5, major, 1, Eb6
156, 0, 1, 0, 1, 0, 0, 0, 1, 0, 0, 1, 0, 1, Ab, 0, V65, 5, major, 1, Eb6
156, 1, 0, 0, 1, 0, 0, 0, 0, 1, 0, 0, 0, 2, Db, 0, V/iv, 5, major, 0, Ab4, Ab, 0, iv, 4, minor, 0, Db5
157, 1, 0, 0, 0, 0, 1, 0, 0, 1, 0, 0, 0, 1, F, 0, i6, 1, minor, 1, F5
157, 0, 0, 1, 0, 0, 1, 0, 1, 0, 0, 0, 1, 2, C, 1, V7/V, 5, major, 0, G4, F, 0, V, 5, major, 0, C5
158, 1, 0, 0, 0, 1, 0, 0, 1, 0, 0, 1, 0, 1, F, 0, V7, 5, major, 0, C5
158, 1, 0, 0, 0, 0, 1, 0, 0, 0, 1, 0, 0, 2, Bb, 0, V/iv, 5, major, 0, F5, F, 0, iv, 4, minor, 0, Bb4
159, 1, 0, 0, 0, 0, 1, 0, 0, 0, 1, 0, 0, 2, Bb, 1, V6/V, 5, major, 1, F6, Eb, 1, V, 5, major, 0, Bb4
159, 0, 0, 0, 1, 0, 0, 0, 1, 0, 0, 1, 0, 1, Eb, 1, I64, 1, major, 2, Eb5
160, 0, 0, 1, 0, 0, 1, 0, 0, 1, 0, 0, 1, 2, C, 0, viio7/vi, 7, diminished, 0, B4, Eb, 1, vi, 6, minor, 0, C5
160, 1, 0, 0, 1, 0, 0, 0, 1, 0, 0, 0, 0, 1, Eb, 1, vi, 6, minor, 0, C5
161, 1, 0, 0, 0, 0, 1, 0, 0, 0, 1, 0, 0, 2, Bb, 1, V6/V, 5, major, 1, F6, Eb, 1, V, 5, major, 0, Bb4
161, 0, 0, 0, 1, 0, 0, 0, 1, 0, 0, 1, 0, 1, Eb, 1, I64, 1, major, 2, Eb5
162, 0, 0, 1, 0, 0, 1, 0, 0, 1, 0, 1, 0, 1, Eb, 1, V7, 5, major, 0, Bb4
162, 0, 0, 0, 1, 0, 0, 0, 1, 0, 0, 1, 0, 1, Eb, 1, I, 1, major, 0, Eb4
162, 0, 1, 0, 1, 0, 0, 0, 1, 0, 0, 1, 0, 1, Ab, 1, V43, 5, major, 2, Eb5
163, 0, 1, 0, 1, 0, 0, 0, 1, 0, 0, 1, 0, 1, Ab, 1, V43, 5, major, 2, Eb5
164, 0, 1, 0, 1, 0, 0, 0, 1, 0, 0, 1, 0, 1, Ab, 1, V43, 5, major, 2, Eb5
165, 0, 1, 0, 1, 0, 0, 0, 1, 0, 0, 1, 0, 1, Ab, 1, V43, 5, major, 2, Eb5
166, 0, 1, 0, 1, 0, 0, 0, 1, 0, 0, 1, 0, 1, Ab, 1, V43, 5, major, 2, Eb5
167, 0, 1, 0, 1, 0, 0, 0, 1, 0, 0, 1, 0, 1, Ab, 1, V43, 5, major, 2, Eb5
168, 0, 1, 0, 1, 0, 0, 0, 1, 0, 0, 1, 0, 1, Ab, 1, V43, 5, major, 2, Eb5
169, 1, 0, 0, 1, 0, 0, 0, 0, 1, 0, 0, 0, 1, Ab, 1, I64, 1, major, 2, Ab5
170, 0, 1, 0, 1, 0, 0, 0, 1, 0, 0, 1, 0, 1, Ab, 1, V7, 5, major, 0, Eb5
170, 1, 0, 0, 1, 0, 0, 0, 0, 1, 0, 0, 0, 1, Ab, 1, I, 1, major, 0, Ab4
171, 1, 0, 0, 1, 0, 0, 0, 0, 1, 0, 0, 0, 1, Ab, 1, I, 1, major, 0, Ab4
171, 1, 0, 0, 1, 0, 0, 0, 0, 1, 0, 0, 0, 1, Ab, 1, I, 1, major, 0, Ab4
172, 0, 0, 0, 1, 0, 0, 0, 1, 0, 0, 1, 0, 1, Ab, 1, V64, 5, major, 2, Eb5
173, 1, 0, 0, 1, 0, 0, 0, 0, 1, 0, 0, 0, 1, Ab, 1, I6, 1, major, 1, Ab5
174, 0, 0, 0, 1, 0, 0, 0, 1, 0, 0, 1, 0, 1, Ab, 1, V6, 5, major, 1, Eb6
174, 1, 0, 0, 1, 0, 0, 0, 0, 1, 0, 0, 0, 1, Ab, 1, I, 1, major, 0, Ab4
174, 0, 0, 0, 1, 0, 0, 0, 1, 0, 0, 1, 0, 1, Ab, 1, V, 5, major, 0, Eb5
175, 0, 0, 0, 1, 0, 0, 1, 0, 0, 0, 1, 0, 1, Ab, 1, v6, 5, minor, 1, Eb6
175, 0, 1, 0, 0, 0, 1, 0, 0, 1, 0, 0, 0, 1, Ab, 1, IV6, 4, major, 1, Db6
176, 1, 0, 0, 1, 0, 0, 0, 0, 1, 0, 0, 0, 1, Ab, 1, I64, 1, major, 2, Ab5
176, 0, 0, 1, 0, 0, 1, 0, 0, 1, 0, 1, 0, 2, Eb, 1, V65/V, 5, major, 1, Bb5, Ab, 1, V, 5, major, 0, Eb5
176, 0, 1, 0, 1, 0, 0, 0, 1, 0, 0, 1, 0, 1, Ab, 1, V42, 5, major, 3, Eb5
177, 1, 0, 0, 1, 0, 0, 0, 0, 1, 0, 0, 0, 1, Ab, 1, I6, 1, major, 1, Ab5
177, 0, 0, 1, 0, 0, 1, 0, 0, 1, 0, 0, 0, 2, Eb, 1, viio6/V, 7, diminished, 1, D5, Ab, 1, V, 5, major, 0, Eb5
177, 0, 1, 0, 0, 1, 0, 0, 1, 0, 0, 1, 0, 2, F, 0, viio65/vi, 7, diminished, 1, E5, Ab, 1, vi, 6, minor, 0, F5
178, 1, 0, 0, 1, 0, 0, 0, 0, 1, 0, 0, 0, 1, Ab, 1, I, 1, major, 0, Ab4
178, 0, 1, 0, 1, 0, 0, 0, 1, 0, 0, 1, 0, 1, Ab, 1, V7, 5, major, 0, Eb5
179, 0, 1, 0, 1, 0, 0, 0, 1, 0, 0, 1, 0, 1, Ab, 1, V7, 5, major, 0, Eb5
180, 0, 1, 0, 1, 0, 0, 0, 1, 0, 0, 1, 0, 1, Ab, 1, V7, 5, major, 0, Eb5
181, 0, 1, 0, 1, 0, 0, 0, 1, 0, 0, 1, 0, 1, Ab, 1, V7, 5, major, 0, Eb5
182, 0, 1, 0, 1, 0, 0, 0, 1, 0, 0, 1, 0, 1, Ab, 1, V7, 5, major, 0, Eb5
183, 0, 1, 0, 0, 0, 1, 0, 0, 1, 0, 0, 0, 1, Ab, 1, IV6, 4, major, 1, Db6
184, 1, 0, 0, 1, 0, 0, 0, 0, 1, 0, 0, 0, 1, Ab, 1, I64, 1, major, 2, Ab5
184, 0, 0, 1, 0, 0, 1, 0, 0, 1, 0, 1, 0, 2, Eb, 1, V65/V, 5, major, 1, Bb5, Ab, 1, V, 5, major, 0, Eb5
184, 0, 1, 0, 1, 0, 0, 0, 1, 0, 0, 1, 0, 1, Ab, 1, V42, 5, major, 3, Eb5
185, 1, 0, 0, 1, 0, 0, 0, 0, 1, 0, 0, 0, 1, Ab, 1, I6, 1, major, 1, Ab5
185, 1, 0, 0, 1, 0, 0, 0, 0, 1, 0, 0, 0, 1, Ab, 1, I64, 1, major, 2, Ab5
186, 0, 1, 0, 1, 0, 0, 0, 1, 0, 0, 1, 0, 1, Ab, 1, V7, 5, major, 0, Eb5
186, 1, 0, 0, 1, 0, 0, 0, 0, 1, 0, 0, 0, 1, Ab, 1, I, 1, major, 0, Ab4
187, 1, 0, 0, 0, 0, 1, 0, 0, 0, 1, 0, 0, 2, Bb, 0, V6/ii, 5, major, 1, F6, Ab, 1, ii, 2, minor, 0, Bb4
187, 0, 1, 0, 0, 1, 0, 0, 1, 0, 0, 1, 0, 2, F, 0, viio65/vi, 7, diminished, 1, E5, Ab, 1, vi, 6, minor, 0, F5
188, 1, 0, 0, 1, 0, 1, 0, 0, 1, 0, 0, 0, 1, Ab, 1, vi65, 6, minor, 1, F5
188, 0, 1, 0, 0, 0, 1, 0, 0, 0, 0, 1, 0, 1, Ab, 1, ii, 2, minor, 0, Bb4
189, 0, 0, 0, 1, 0, 0, 0, 1, 0, 0, 1, 0, 1, Ab, 1, V6, 5, major, 1, Eb6
189, 0, 0, 1, 0, 0, 1, 0, 0, 1, 0, 0, 0, 2, Eb, 1, viio6/V, 7, diminished, 1, D5, Ab, 1, V, 5, major, 0, Eb5
190, 0, 1, 0, 1, 0, 0, 0, 1, 0, 0, 1, 0, 1, Ab, 1, V65, 5, major, 1, Eb6
190, 1, 0, 0, 1, 0, 0, 0, 0, 1, 0, 0, 0, 1, Ab, 1, I, 1, major, 0, Ab4
191, 1, 0, 0, 1, 0, 0, 0, 0, 1, 0, 0, 0, 1, Ab, 1, I6, 1, major, 1, Ab5
191, 0, 0, 1, 0, 0, 1, 0, 0, 1, 0, 0, 1, 2, C, 0, viio7/iii, 7, diminished, 0, B4, Ab, 1, iii, 3, minor, 0, C5
192, 0, 1, 0, 0, 1, 0, 0, 1, 0, 0, 1, 0, 2, F, 0, viio43/vi, 7, diminished, 2, E5, Ab, 1, vi, 6, minor, 0, F5
192, 1, 0, 0, 0, 0, 1, 0, 0, 1, 0, 0, 0, 1, Ab, 1, vi6, 6, minor, 1, F5
192, 0, 0, 0, 0, 1, 0, 0, 1, 0, 0, 1, 0, 2, F, 0, viio6/vi, 7, diminished, 1, E5, Ab, 1, vi, 6, minor, 0, F5
193, 1, 0, 0, 0, 0, 1, 0, 0, 1, 0, 0, 0, 1, Ab, 1, vi, 6, minor, 0, F5
193, 0, 0, 0, 1, 0, 0, 0, 1, 0, 0, 1, 0, 1, Eb, 1, I64, 1, major, 2, Eb5
194, 0, 0, 1, 0, 0, 1, 0, 0, 1, 0, 0, 1, 2, C, 0, viio7/vi, 7, diminished, 0, B4, Eb, 1, vi, 6, minor, 0, C5
194, 1, 0, 0, 1, 0, 0, 0, 1, 0, 0, 0, 0, 1, Eb, 1, vi, 6, minor, 0, C5
194, 1, 0, 0, 1, 0, 0, 0, 0, 1, 0, 0, 0, 1, Eb, 1, IV, 4, major, 0, Ab4
195, 1, 0, 0, 0, 0, 1, 0, 0, 0, 1, 0, 0, 2, Bb, 1, V6/V, 5, major, 1, F6, Eb, 1, V, 5, major, 0, Bb4
195, 0, 0, 0, 1, 0, 0, 0, 1, 0, 0, 1, 0, 1, Eb, 1, I64, 1, major, 2, Eb5
196, 0, 0, 1, 0, 0, 1, 0, 0, 1, 0, 1, 0, 1, Eb, 1, V7, 5, major, 0, Bb4
196, 0, 0, 0, 1, 0, 0, 0, 1, 0, 0, 1, 0, 1, Eb, 1, I, 1, major, 0, Eb4
196, 0, 0, 1, 0, 0, 1, 0, 0, 1, 0, 0, 0, 2, Eb, 1, viio6/V, 7, diminished, 1, D5, Ab, 1, V, 5, major, 0, Eb5
197, 0, 1, 0, 1, 0, 0, 0, 1, 0, 0, 1, 0, 1, Ab, 1, V7, 5, major, 0, Eb5
197, 0, 1, 0, 1, 0, 0, 0, 1, 0, 0, 1, 0, 1, Ab, 1, V7, 5, major, 0, Eb5
198, 0, 1, 0, 1, 0, 0, 0, 1, 0, 0, 1, 0, 1, Ab, 1, V7, 5, major, 0, Eb5
199, 0, 1, 0, 1, 0, 0, 0, 1, 0, 0, 1, 0, 1, Ab, 1, V7, 5, major, 0, Eb5
200, 0, 1, 0, 1, 0, 0, 0, 1, 0, 0, 1, 0, 1, Ab, 1, V7, 5, major, 0, Eb5
201, 0, 1, 0, 0, 0, 1, 0, 0, 1, 0, 0, 0, 1, Ab, 1, IV6, 4, major, 1, Db6
202, 1, 0, 0, 1, 0, 0, 0, 0, 1, 0, 0, 0, 1, Ab, 1, I64, 1, major, 2, Ab5
202, 0, 0, 1, 0, 0, 1, 0, 0, 1, 0, 1, 0, 2, Eb, 1, V65/V, 5, major, 1, Bb5, Ab, 1, V, 5, major, 0, Eb5
202, 0, 1, 0, 1, 0, 0, 0, 1, 0, 0, 1, 0, 1, Ab, 1, V42, 5, major, 3, Eb5
203, 1, 0, 0, 1, 0, 0, 0, 0, 1, 0, 0, 0, 1, Ab, 1, I6, 1, major, 1, Ab5
203, 1, 0, 0, 1, 0, 0, 0, 0, 1, 0, 0, 0, 1, Ab, 1, I64, 1, major, 2, Ab5
204, 0, 1, 0, 1, 0, 0, 0, 1, 0, 0, 1, 0, 1, Ab, 1, V7, 5, major, 0, Eb5
204, 1, 0, 0, 1, 0, 0, 0, 0, 1, 0, 0, 0, 1, Ab, 1, I, 1, major, 0, Ab4
205, 1, 0, 0, 1, 0, 0, 0, 0, 1, 0, 0, 0, 1, Ab, 1, I, 1, major, 0, Ab4
206, 0, 1, 0, 1, 0, 0, 0, 1, 0, 0, 1, 0, 1, Ab, 1, V7, 5, major, 0, Eb5
207, 0, 1, 0, 1, 0, 0, 0, 1, 0, 0, 1, 0, 1, Ab, 1, V7, 5, major, 0, Eb5
208, 1, 0, 0, 1, 0, 0, 0, 0, 1, 0, 0, 0, 1, Ab, 1, I, 1, major, 0, Ab4
209, 1, 0, 0, 1, 0, 0, 0, 0, 1, 0, 0, 0, 1, Ab, 1, I, 1, major, 0, Ab4
210, 0, 1, 0, 1, 0, 0, 0, 1, 0, 0, 1, 0, 1, Ab, 1, V7, 5, major, 0, Eb5
211, 0, 1, 0, 1, 0, 0, 0, 1, 0, 0, 1, 0, 1, Ab, 1, V7, 5, major, 0, Eb5
212, 1, 0, 0, 1, 0, 0, 0, 0, 1, 0, 0, 0, 1, Ab, 1, I, 1, major, 0, Ab4
213, 0, 1, 0, 1, 0, 0, 0, 1, 0, 0, 1, 0, 1, Ab, 1, V7, 5, major, 0, Eb5
214, 1, 0, 0, 1, 0, 0, 0, 0, 1, 0, 0, 0, 1, Ab, 1, I, 1, major, 0, Ab4
215, 0, 1, 0, 1, 0, 0, 0, 1, 0, 0, 1, 0, 1, Ab, 1, V7, 5, major, 0, Eb5
216, 1, 0, 0, 1, 0, 0, 0, 0, 1, 0, 0, 0, 1, Ab, 1, I, 1, major, 0, Ab4
