1, 0, 0, 0, 1, 0, 0, 0, 1, 0, 0, 1, 0, 1, Eb, 1, I, 1, major, 0, Eb4
2, 0, 0, 1, 0, 0, 1, 0, 0, 1, 0, 1, 0, 1, Eb, 1, V7, 5, major, 0, Bb4
3, 0, 0, 0, 1, 0, 0, 0, 1, 0, 0, 1, 0, 1, Eb, 1, I, 1, major, 0, Eb4
4, 0, 0, 1, 0, 0, 1, 0, 0, 1, 0, 1, 0, 1, Eb, 1, V7, 5, major, 0, Bb4
4, 0, 0, 0, 1, 0, 0, 0, 1, 0, 0, 1, 0, 1, Eb, 1, I, 1, major, 0, Eb4
5, 0, 0, 1, 0, 0, 1, 0, 0, 1, 0, 1, 0, 1, Eb, 1, V7, 5, major, 0, Bb4
6, 0, 0, 1, 0, 0, 1, 0, 0, 1, 0, 1, 0, 1, Eb, 1, V7, 5, major, 0, Bb4
7, 0, 0, 1, 0, 0, 1, 0, 0, 1, 0, 1, 0, 1, Eb, 1, V7, 5, major, 0, Bb4
7, 0, 0, 1, 0, 0, 1, 0, 0, 1, 0, 0, 1, 2, C, 0, viio7/vi, 7, diminished, 0, B4, Eb, 1, vi, 6, minor, 0, C5
7, 1, 0, 0, 1, 0, 0, 0, 1, 0, 0, 0, 0, 1, Eb, 1, vi, 6, minor, 0, C5
7, 0, 0, 1, 0, 0, 0, 0, 1, 0, 0, 0, 1, 2, C, 0, V/vi, 5, major, 0, G4, Eb, 1, vi, 6, minor, 0, C5
8, 1, 0, 0, 1, 0, 0, 0, 1, 1, 0, 0, 0, 1, Eb, 1, IV7, 4, major, 0, Ab4
8, 1, 0, 0, 0, 0, 1, 0, 0, 0, 1, 0, 0, 2, Bb, 1, V6/V, 5, major, 1, F6, Eb, 1, V, 5, major, 0, Bb4
8, 0, 0, 1, 0, 0, 1, 0, 0, 1, 0, 1, 0, 1, Eb, 1, V7, 5, major, 0, Bb4
8, 0, 0, 0, 1, 0, 0, 0, 1, 0, 0, 1, 0, 1, Eb, 1, I, 1, major, 0, Eb4
9, 0, 0, 0, 1, 0, 0, 0, 1, 0, 0, 1, 0, 1, Eb, 1, I, 1, major, 0, Eb4
10, 0, 0, 0, 1, 0, 0, 0, 1, 0, 0, 1, 0, 1, Eb, 1, I, 1, major, 0, Eb4
11, 0, 0, 1, 0, 0, 1, 0, 0, 1, 0, 1, 0, 1, Eb, 1, V43, 5, major, 2, Bb4
12, 0, 0, 1, 0, 0, 1, 0, 0, 1, 0, 1, 0, 1, Eb, 1, V7, 5, major, 0, Bb4
12, 0, 0, 0, 1, 0, 0, 0, 1, 0, 0, 1, 0, 1, Eb, 1, I, 1, major, 0, Eb4
13, 1, 0, 0, 0, 1, 0, 0, 1, 0, 0, 0, 0, 1, F, 0, V, 5, major, 0, C5
14, 0, 0, 1, 0, 0, 1, 0, 0, 0, 0, 0, 1, 2, C, 1, viio/V, 7, diminished, 0, B4, F, 0, V, 5, major, 0, C5
14, 1, 0, 0, 0, 1, 0, 0, 1, 0, 0, 1, 0, 1, F, 0, V42, 5, major, 3, C5
14, 1, 0, 0, 0, 0, 1, 0, 0, 1, 0, 0, 0, 1, F, 0, i6, 1, minor, 1, F5
14, 1, 0, 0, 0, 1, 0, 0, 1, 0, 0, 1, 0, 1, F, 0, V65, 5, major, 1, C6
14, 1, 0, 0, 0, 0, 1, 0, 0, 1, 0, 0, 0, 1, F, 0, i, 1, minor, 0, F4
15, 0, 0, 1, 0, 0, 1, 0, 0, 1, 0, 1, 0, 1, Eb, 1, V7, 5, major, 0, Bb4
16, 0, 0, 0, 1, 0, 0, 0, 1, 0, 0, 1, 0, 1, Eb, 1, I64, 1, major, 2, Eb5
16, 0, 0, 1, 0, 0, 1, 0, 0, 1, 0, 1, 0, 1, Eb, 1, V7, 5, major, 0, Bb4
16, 0, 0, 0, 1, 0, 0, 0, 1, 0, 0, 1, 0, 1, Eb, 1, I, 1, major, 0, Eb4
17, 0, 0, 0, 1, 0, 0, 0, 1, 0, 0, 1, 0, 1, Eb, 1, I, 1, major, 0, Eb4
18, 0, 0, 0, 1, 0, 0, 0, 1, 0, 0, 1, 0, 1, Eb, 1, I, 1, major, 0, Eb4
19, 0, 0, 0, 1, 0, 0, 0, 1, 0, 0, 1, 0, 1, Eb, 1, I, 1, major, 0, Eb4
20, 0, 0, 0, 1, 0, 0, 0, 1, 0, 0, 1, 0, 1, Eb, 1, I, 1, major, 0, Eb4
21, 0, 0, 0, 1, 0, 0, 0, 1, 0, 0, 1, 0, 1, Eb, 1, I, 1, major, 0, Eb4
22, 0, 0, 0, 1, 0, 0, 0, 1, 0, 0, 1, 0, 1, Eb, 1, I, 1, major, 0, Eb4
23, 0, 0, 0, 1, 0, 0, 0, 1, 0, 0, 1, 0, 1, Eb, 1, I, 1, major, 0, Eb4
24, 0, 0, 0, 1, 0, 0, 0, 1, 0, 0, 1, 0, 1, Eb, 1, I, 1, major, 0, Eb4
25, 0, 0, 0, 1, 0, 0, 0, 1, 0, 0, 1, 0, 1, Eb, 1, I, 1, major, 0, Eb4
26, 0, 0, 0, 1, 0, 0, 0, 1, 0, 0, 1, 0, 1, Eb, 1, I, 1, major, 0, Eb4
27, 0, 0, 0, 1, 0, 0, 0, 1, 0, 0, 1, 0, 1, Eb, 1, I, 1, major, 0, Eb4
28, 0, 0, 0, 1, 0, 0, 0, 1, 0, 0, 1, 0, 1, Eb, 1, I, 1, major, 0, Eb4
29, 0, 0, 0, 1, 0, 0, 0, 1, 0, 0, 1, 0, 1, Eb, 1, I, 1, major, 0, Eb4
30, 0, 0, 0, 1, 0, 0, 0, 1, 0, 0, 1, 0, 1, Eb, 1, I, 1, major, 0, Eb4
31, 0, 0, 0, 1, 0, 0, 0, 1, 0, 0, 1, 0, 1, Eb, 1, I, 1, major, 0, Eb4
32, 0, 0, 0, 1, 0, 0, 0, 1, 0, 0, 1, 0, 1, Eb, 1, I, 1, major, 0, Eb4
33, 0, 0, 0, 1, 0, 0, 0, 1, 0, 0, 1, 0, 1, Eb, 1, I, 1, major, 0, Eb4
34, 0, 0, 0, 1, 0, 0, 0, 1, 0, 0, 1, 0, 1, Eb, 1, I, 1, major, 0, Eb4
35, 0, 0, 0, 1, 0, 0, 0, 1, 0, 0, 1, 0, 1, Eb, 1, I, 1, major, 0, Eb4
36, 0, 0, 0, 1, 0, 0, 0, 1, 0, 0, 1, 0, 1, Eb, 1, I, 1, major, 0, Eb4
37, 1, 0, 0, 0, 1, 0, 0, 1, 0, 0, 0, 0, 1, C, 1, I, 1, major, 0, C4
38, 1, 0, 0, 0, 1, 0, 0, 1, 0, 0, 0, 0, 1, C, 1, I, 1, major, 0, C4
38, 0, 0, 1, 0, 0, 1, 0, 1, 0, 0, 0, 1, 1, C, 1, V43, 5, major, 2, G4
39, 0, 0, 1, 0, 0, 0, 0, 1, 0, 0, 0, 1, 1, C, 1, V, 5, major, 0, G4
40, 0, 0, 1, 0, 0, 1, 0, 1, 0, 0, 0, 1, 1, C, 1, V65, 5, major, 1, G5
40, 1, 0, 0, 0, 1, 0, 0, 1, 0, 0, 0, 0, 1, C, 1, I, 1, major, 0, C4
41, 1, 0, 0, 0, 1, 0, 0, 1, 0, 0, 0, 0, 1, C, 1, I, 1, major, 0, C4
41, 1, 0, 0, 0, 1, 0, 0, 1, 0, 1, 0, 0, 1, C, 1, vi65, 6, minor, 1, A4
42, 1, 0, 0, 0, 0, 1, 0, 0, 0, 1, 0, 0, 1, C, 1, IV, 4, major, 0, F4
42, 0, 0, 1, 0, 0, 0, 1, 0, 0, 1, 0, 1, 1, C, 1, viihalfdim65, 7, minor, 1, B4
43, 0, 0, 1, 0, 1, 0, 0, 0, 1, 0, 0, 1, 2, A, 0, V65/vi, 5, major, 1, E6, C, 1, vi, 6, minor, 0, A4
43, 1, 0, 0, 0, 1, 0, 0, 0, 0, 1, 0, 0, 1, C, 1, vi, 6, minor, 0, A4
44, 1, 0, 1, 0, 0, 0, 1, 0, 0, 1, 0, 0, 2, G, 1, V7/V, 5, major, 0, D5, C, 1, V, 5, major, 0, G4
44, 0, 0, 1, 0, 0, 0, 0, 1, 0, 0, 0, 1, 1, C, 1, V, 5, major, 0, G4
45, 0, 0, 1, 0, 0, 0, 0, 1, 0, 0, 0, 1, 1, C, 1, V, 5, major, 0, G4
46, 0, 0, 1, 0, 0, 1, 0, 1, 0, 0, 0, 1, 1, C, 1, V7, 5, major, 0, G4
47, 0, 0, 1, 0, 0, 1, 0, 1, 0, 0, 0, 1, 1, C, 1, V7, 5, major, 0, G4
48, 0, 0, 1, 0, 0, 1, 0, 1, 0, 0, 0, 1, 1, C, 1, V7, 5, major, 0, G4
49, 1, 0, 0, 0, 1, 0, 0, 1, 0, 0, 0, 0, 1, C, 1, I6, 1, major, 1, C5
49, 1, 0, 0, 0, 1, 0, 0, 1, 0, 1, 0, 0, 1, C, 1, vi65, 6, minor, 1, A4
50, 1, 0, 0, 0, 0, 1, 0, 0, 0, 1, 0, 0, 1, C, 1, IV, 4, major, 0, F4
50, 0, 0, 1, 0, 0, 1, 0, 0, 0, 0, 0, 1, 1, C, 1, viio, 7, diminished, 0, B4
51, 1, 0, 0, 0, 1, 0, 0, 1, 0, 0, 0, 0, 1, C, 1, I, 1, major, 0, C4
51, 1, 0, 1, 0, 0, 1, 0, 0, 0, 1, 0, 0, 1, C, 1, ii7, 2, minor, 0, D4
52, 0, 0, 1, 0, 0, 1, 0, 1, 0, 0, 0, 1, 1, C, 1, V7, 5, major, 0, G4
52, 1, 0, 0, 0, 1, 0, 0, 1, 0, 0, 0, 0, 1, C, 1, I, 1, major, 0, C4
53, 0, 0, 1, 0, 0, 0, 0, 1, 0, 0, 0, 1, 1, C, 1, V, 5, major, 0, G4
54, 0, 0, 1, 0, 0, 1, 0, 1, 0, 0, 0, 1, 1, C, 1, V7, 5, major, 0, G4
55, 0, 0, 1, 0, 0, 1, 0, 1, 0, 0, 0, 1, 1, C, 1, V7, 5, major, 0, G4
56, 0, 0, 1, 0, 0, 1, 0, 1, 0, 0, 0, 1, 1, C, 1, V7, 5, major, 0, G4
57, 1, 0, 0, 1, 0, 0, 0, 1, 0, 0, 0, 0, 1, C, 1, i6, 1, minor, 1, C5
