57, 1, 0, 0, 1, 0, 0, 0, 1, 1, 0, 0, 0, 1, Eb, 1, IV65, 4, major, 1, Ab5
58, 1, 0, 0, 0, 0, 1, 0, 0, 1, 0, 0, 0, 1, Eb, 1, ii, 2, minor, 0, F4
58, 0, 0, 1, 0, 0, 1, 0, 0, 1, 0, 1, 0, 1, Eb, 1, V65, 5, major, 1, Bb5
59, 0, 0, 1, 0, 0, 1, 0, 0, 1, 0, 1, 0, 1, Eb, 1, V7, 5, major, 0, Bb4
60, 0, 0, 1, 0, 0, 1, 0, 0, 1, 0, 1, 0, 1, Eb, 1, V7, 5, major, 0, Bb4
61, 0, 0, 1, 0, 0, 1, 0, 0, 1, 0, 1, 0, 1, Eb, 1, V7, 5, major, 0, Bb4
62, 0, 0, 1, 0, 0, 1, 0, 0, 1, 0, 1, 0, 1, Eb, 1, V7, 5, major, 0, Bb4
63, 0, 0, 1, 0, 0, 1, 0, 0, 1, 0, 1, 0, 1, Eb, 1, V7, 5, major, 0, Bb4
64, 0, 0, 1, 0, 0, 1, 0, 0, 1, 0, 1, 0, 1, Eb, 1, V7, 5, major, 0, Bb4
65, 0, 0, 1, 0, 0, 1, 0, 0, 1, 0, 1, 0, 1, Eb, 1, V7, 5, major, 0, Bb4
66, 0, 0, 1, 0, 0, 1, 0, 0, 1, 0, 1, 0, 1, Eb, 1, V7, 5, major, 0, Bb4
67, 0, 0, 0, 1, 0, 0, 0, 1, 0, 0, 1, 0, 1, Eb, 1, I64, 1, major, 2, Eb5
68, 0, 0, 1, 0, 0, 1, 0, 0, 1, 0, 1, 0, 1, Eb, 1, V7, 5, major, 0, Bb4
69, 0, 0, 0, 1, 0, 0, 0, 1, 0, 0, 1, 0, 1, Eb, 1, I64, 1, major, 2, Eb5
70, 0, 0, 1, 0, 0, 1, 0, 0, 1, 0, 1, 0, 1, Eb, 1, V7, 5, major, 0, Bb4
70, 0, 0, 1, 0, 0, 1, 0, 0, 1, 0, 1, 0, 1, Eb, 1, V42, 5, major, 3, Bb4
70, 0, 0, 0, 1, 0, 0, 0, 1, 0, 0, 1, 0, 1, Eb, 1, I6, 1, major, 1, Eb5
71, 0, 0, 0, 1, 0, 0, 0, 1, 0, 0, 1, 0, 1, Eb, 1, I6, 1, major, 1, Eb5
72, 0, 0, 0, 1, 0, 0, 0, 1, 0, 0, 1, 0, 1, Eb, 1, I6, 1, major, 1, Eb5
73, 0, 0, 0, 1, 0, 0, 0, 1, 0, 0, 1, 0, 1, Eb, 1, I6, 1, major, 1, Eb5
74, 0, 0, 0, 1, 0, 0, 0, 1, 0, 0, 1, 0, 1, Eb, 1, I6, 1, major, 1, Eb5
75, 0, 0, 1, 0, 0, 1, 0, 0, 1, 0, 1, 0, 1, Eb, 1, V43, 5, major, 2, Bb4
76, 0, 0, 1, 0, 0, 1, 0, 0, 1, 0, 1, 0, 1, Eb, 1, V43, 5, major, 2, Bb4
77, 0, 0, 1, 0, 0, 1, 0, 0, 1, 0, 1, 0, 1, Eb, 1, V65, 5, major, 1, Bb5
77, 0, 0, 1, 0, 0, 1, 0, 0, 1, 0, 0, 1, 2, C, 0, viio65/vi, 7, diminished, 1, B4, Eb, 1, vi, 6, minor, 0, C5
77, 1, 0, 0, 1, 0, 0, 0, 0, 1, 0, 0, 0, 1, Eb, 1, IV64, 4, major, 2, Ab4
77, 0, 0, 1, 0, 0, 0, 0, 1, 0, 0, 0, 1, 2, C, 0, V6/vi, 5, major, 1, G5, Eb, 1, vi, 6, minor, 0, C5
78, 1, 0, 0, 1, 0, 0, 0, 1, 0, 0, 0, 0, 1, Eb, 1, vi, 6, minor, 0, C5
78, 1, 0, 0, 0, 0, 1, 0, 0, 0, 1, 0, 0, 2, Bb, 1, V6/V, 5, major, 1, F6, Eb, 1, V, 5, major, 0, Bb4
78, 0, 0, 1, 0, 0, 1, 0, 0, 1, 0, 1, 0, 1, Eb, 1, V7, 5, major, 0, Bb4
78, 0, 0, 0, 1, 0, 0, 0, 1, 0, 0, 1, 0, 1, Eb, 1, I, 1, major, 0, Eb4
79, 0, 1, 0, 0, 0, 0, 0, 1, 0, 0, 1, 0, 2, Ab, 1, viio/IV, 7, diminished, 0, G5, Eb, 1, IV, 4, major, 0, Ab4
80, 1, 0, 0, 1, 0, 0, 0, 0, 1, 0, 0, 0, 1, Eb, 1, IV64, 4, major, 2, Ab4
81, 0, 0, 1, 0, 0, 1, 0, 0, 1, 0, 0, 0, 1, Eb, 1, viio, 7, diminished, 0, D5
82, 0, 0, 0, 1, 0, 0, 0, 1, 0, 0, 1, 0, 1, Eb, 1, I, 1, major, 0, Eb4
82, 0, 0, 1, 0, 0, 1, 0, 0, 1, 0, 0, 0, 1, Eb, 1, viio, 7, diminished, 0, D5
83, 0, 0, 0, 1, 0, 0, 0, 1, 0, 0, 1, 0, 1, Eb, 1, I, 1, major, 0, Eb4
83, 0, 0, 1, 0, 0, 1, 0, 0, 1, 0, 0, 0, 1, Eb, 1, viio, 7, diminished, 0, D5
84, 0, 0, 0, 1, 0, 0, 0, 1, 0, 0, 1, 0, 1, Eb, 1, I, 1, major, 0, Eb4
