1, 0, 1, 0, 0, 1, 0, 0, 0, 1, 0, 0, 0, 1, C#, 0, i, 1, minor, 0, C#4
2, 0, 1, 0, 0, 1, 0, 0, 0, 1, 0, 0, 1, 1, C#, 0, i42, 1, minor, 3, C#5
3, 0, 1, 0, 0, 1, 0, 0, 0, 0, 1, 0, 0, 1, C#, 0, VI, 6, major, 0, A4
3, 0, 0, 1, 0, 0, 0, 1, 0, 0, 1, 0, 0, 1, C#, 0, N6, 2, major, 1, D5
4, 1, 0, 0, 1, 0, 0, 1, 0, 1, 0, 0, 0, 1, C#, 0, V7, 5, major, 0, G#4
5, 0, 1, 0, 0, 1, 0, 0, 0, 1, 0, 0, 0, 1, C#, 0, i, 1, minor, 0, C#4
6, 1, 0, 0, 1, 0, 0, 1, 0, 1, 0, 0, 0, 1, C#, 0, V65, 5, major, 1, G#5
7, 0, 1, 0, 0, 1, 0, 0, 0, 1, 0, 0, 0, 1, C#, 0, i, 1, minor, 0, C#4
7, 0, 1, 0, 0, 0, 0, 1, 0, 0, 1, 0, 0, 1, E, 1, ii, 2, minor, 0, F#4
8, 0, 0, 0, 0, 1, 0, 0, 0, 1, 0, 0, 1, 1, E, 1, I64, 1, major, 2, E5
8, 0, 0, 0, 1, 0, 0, 1, 0, 0, 1, 0, 1, 1, E, 1, V7, 5, major, 0, B4
9, 0, 0, 0, 0, 1, 0, 0, 0, 1, 0, 0, 1, 1, E, 1, I, 1, major, 0, E4
10, 0, 0, 0, 0, 1, 0, 0, 1, 0, 0, 0, 1, 1, E, 0, i, 1, minor, 0, E4
11, 0, 0, 1, 0, 0, 1, 0, 1, 0, 0, 0, 1, 2, C, 1, V43/VI, 5, major, 2, G4, E, 0, VI, 6, major, 0, C5
12, 1, 0, 0, 0, 1, 0, 0, 1, 0, 0, 0, 0, 1, E, 0, VI, 6, major, 0, C5
12, 0, 0, 0, 0, 1, 0, 0, 1, 0, 0, 0, 1, 1, E, 0, i64, 1, minor, 2, E5
12, 0, 1, 0, 0, 1, 0, 0, 1, 0, 0, 1, 0, 1, B, 0, viio7, 7, diminished, 0, A#5
12, 0, 1, 0, 0, 1, 0, 1, 0, 0, 0, 1, 0, 1, B, 0, V65, 5, major, 1, F#6
13, 0, 0, 1, 0, 0, 0, 1, 0, 0, 0, 0, 1, 1, B, 0, i, 1, minor, 0, B4
13, 0, 1, 0, 0, 1, 0, 0, 0, 1, 0, 0, 1, 1, B, 0, iihalfdim65, 2, minor, 1, C#6
14, 0, 0, 1, 0, 0, 0, 1, 0, 0, 0, 0, 1, 1, B, 0, i64, 1, minor, 2, B5
14, 0, 1, 0, 0, 0, 0, 1, 0, 0, 0, 1, 0, 1, B, 0, V, 5, major, 0, F#5
15, 0, 0, 1, 0, 0, 0, 1, 0, 0, 0, 0, 1, 1, B, 0, i, 1, minor, 0, B4
15, 0, 0, 0, 1, 0, 0, 1, 0, 0, 0, 0, 1, 2, E, 0, V/iv, 5, major, 0, B4, B, 0, iv, 4, minor, 0, E5
16, 1, 0, 0, 0, 1, 0, 0, 1, 0, 0, 0, 0, 1, B, 0, N6, 2, major, 1, C6
17, 0, 0, 0, 1, 0, 0, 1, 0, 0, 0, 0, 1, 2, E, 0, V/iv, 5, major, 0, B4, B, 0, iv, 4, minor, 0, E5
18, 1, 0, 0, 0, 1, 0, 0, 1, 0, 0, 0, 0, 1, B, 0, N6, 2, major, 1, C6
19, 0, 0, 0, 1, 0, 0, 1, 0, 0, 0, 0, 1, 2, E, 0, V/iv, 5, major, 0, B4, B, 0, iv, 4, minor, 0, E5
19, 0, 0, 1, 0, 0, 1, 0, 0, 1, 0, 0, 1, 1, F#, 0, viio65, 7, diminished, 1, E#5
20, 0, 1, 0, 0, 0, 1, 0, 0, 1, 0, 0, 1, 1, F#, 0, V65, 5, major, 1, C#6
20, 0, 1, 0, 0, 0, 0, 1, 0, 0, 1, 0, 0, 1, F#, 0, i, 1, minor, 0, F#4
21, 0, 0, 1, 0, 0, 0, 0, 1, 0, 0, 0, 1, 1, F#, 0, N6, 2, major, 1, G5
21, 1, 0, 0, 1, 0, 0, 1, 0, 0, 1, 0, 0, 2, C#, 1, viio7/V, 7, diminished, 0, B#4, F#, 0, V, 5, major, 0, C#5
22, 0, 1, 0, 0, 0, 0, 1, 0, 0, 1, 0, 0, 1, F#, 0, i64, 1, minor, 2, F#5
22, 0, 1, 0, 0, 0, 1, 0, 0, 1, 0, 0, 0, 1, F#, 0, V, 5, major, 0, C#5
23, 0, 1, 0, 0, 0, 0, 1, 0, 0, 1, 0, 0, 1, F#, 0, i, 1, minor, 0, F#4
24, 0, 1, 0, 0, 0, 1, 0, 0, 1, 0, 0, 1, 1, F#, 0, V65, 5, major, 1, C#6
25, 0, 1, 0, 0, 0, 0, 1, 0, 0, 1, 0, 0, 1, F#, 0, i, 1, minor, 0, F#4
25, 1, 0, 0, 1, 0, 0, 1, 0, 0, 1, 0, 0, 1, C#, 0, viio65, 7, diminished, 1, B#4
25, 0, 1, 0, 0, 0, 0, 1, 0, 0, 1, 0, 0, 1, C#, 0, iv64, 4, minor, 2, F#4
26, 1, 0, 0, 1, 0, 0, 1, 0, 1, 0, 0, 0, 1, C#, 0, V65, 5, major, 1, G#5
27, 0, 1, 0, 0, 1, 0, 0, 0, 1, 0, 0, 0, 1, C#, 0, i, 1, minor, 0, C#4
27, 0, 0, 0, 1, 0, 0, 1, 0, 0, 1, 0, 0, 1, C#, 0, iio6, 2, diminished, 1, D#5
27, 0, 1, 0, 0, 1, 0, 0, 1, 0, 0, 1, 0, 2, G#, 1, viio7/V, 7, diminished, 0, F##5, C#, 0, V, 5, major, 0, G#4
28, 1, 0, 0, 1, 0, 0, 1, 0, 1, 0, 0, 0, 1, C#, 0, V7, 5, major, 0, G#4
29, 1, 0, 0, 1, 0, 0, 1, 0, 1, 0, 0, 0, 1, C#, 0, V7, 5, major, 0, G#4
30, 0, 1, 0, 0, 1, 0, 0, 0, 1, 0, 0, 0, 1, C#, 0, i64, 1, minor, 2, C#5
31, 0, 1, 0, 0, 1, 0, 0, 0, 1, 0, 0, 0, 1, C#, 0, i64, 1, minor, 2, C#5
32, 1, 0, 0, 1, 0, 0, 1, 0, 1, 0, 0, 0, 1, C#, 0, V7, 5, major, 0, G#4
33, 0, 1, 0, 0, 1, 0, 0, 0, 1, 0, 0, 0, 1, C#, 0, i64, 1, minor, 2, C#5
34, 0, 1, 0, 0, 1, 0, 0, 1, 0, 0, 1, 0, 2, G#, 1, viio7/V, 7, diminished, 0, F##5, C#, 0, V, 5, major, 0, G#4
35, 1, 0, 0, 1, 0, 0, 1, 0, 0, 1, 0, 0, 1, C#, 0, viio7, 7, diminished, 0, B#4
36, 1, 0, 0, 1, 0, 0, 1, 0, 0, 1, 0, 0, 1, C#, 0, viio7, 7, diminished, 0, B#4
37, 1, 0, 0, 1, 0, 0, 1, 0, 0, 1, 0, 0, 1, C#, 0, viio7, 7, diminished, 0, B#4
38, 1, 0, 0, 1, 0, 0, 1, 0, 1, 0, 0, 0, 1, C#, 0, V7, 5, major, 0, G#4
39, 1, 0, 0, 1, 0, 0, 1, 0, 1, 0, 0, 0, 1, C#, 0, V7, 5, major, 0, G#4
40, 1, 0, 0, 1, 0, 0, 1, 0, 1, 0, 0, 0, 1, C#, 0, V7, 5, major, 0, G#4
40, 0, 1, 0, 0, 1, 0, 0, 0, 0, 1, 0, 0, 1, C#, 0, VI, 6, major, 0, A4
41, 0, 1, 0, 1, 0, 0, 1, 0, 0, 0, 1, 0, 1, C#, 0, iihalfdim65, 2, minor, 1, D#5
41, 1, 0, 0, 1, 0, 0, 1, 0, 1, 0, 0, 0, 1, C#, 0, V7, 5, major, 0, G#4
42, 1, 0, 0, 1, 0, 0, 1, 0, 1, 0, 0, 0, 1, C#, 0, V7, 5, major, 0, G#4
43, 1, 0, 0, 1, 0, 0, 1, 0, 1, 0, 0, 0, 1, C#, 0, V7, 5, major, 0, G#4
44, 1, 0, 0, 1, 0, 0, 1, 0, 1, 0, 0, 0, 1, C#, 0, V7, 5, major, 0, G#4
45, 1, 0, 0, 1, 0, 0, 1, 0, 1, 0, 0, 0, 1, C#, 0, V7, 5, major, 0, G#4
46, 1, 0, 0, 1, 0, 0, 1, 0, 1, 0, 0, 0, 1, C#, 0, V7, 5, major, 0, G#4
47, 1, 0, 0, 1, 0, 0, 1, 0, 1, 0, 0, 0, 1, C#, 0, V65, 5, major, 1, G#5
48, 0, 1, 0, 0, 0, 1, 0, 0, 1, 0, 0, 0, 1, C#, 0, I, 1, major, 0, C#4
48, 1, 0, 0, 1, 0, 0, 1, 0, 1, 0, 0, 0, 1, C#, 0, V43, 5, major, 2, G#4
48, 0, 1, 0, 0, 1, 0, 0, 0, 1, 0, 0, 0, 1, C#, 0, i, 1, minor, 0, C#4
49, 1, 0, 0, 1, 0, 0, 1, 0, 1, 0, 0, 0, 1, C#, 0, V65, 5, major, 1, G#5
49, 0, 1, 0, 0, 1, 0, 0, 0, 1, 0, 0, 0, 1, C#, 0, i, 1, minor, 0, C#4
50, 0, 0, 1, 0, 0, 0, 1, 0, 0, 1, 0, 0, 1, C#, 0, N6, 2, major, 1, D5
50, 1, 0, 0, 1, 0, 0, 1, 0, 1, 0, 0, 0, 1, C#, 0, V7, 5, major, 0, G#4
51, 0, 1, 0, 0, 1, 0, 0, 0, 1, 0, 0, 0, 1, C#, 0, i, 1, minor, 0, C#4
51, 0, 1, 0, 0, 0, 1, 0, 0, 1, 0, 0, 0, 2, F#, 0, V/iv, 5, major, 0, C#5, C#, 0, iv, 4, minor, 0, F#4
52, 0, 0, 1, 0, 0, 0, 1, 0, 0, 1, 0, 0, 1, C#, 0, N6, 2, major, 1, D5
53, 0, 1, 0, 0, 0, 1, 0, 0, 1, 0, 0, 0, 2, F#, 0, V/iv, 5, major, 0, C#5, C#, 0, iv, 4, minor, 0, F#4
54, 0, 0, 1, 0, 0, 0, 1, 0, 0, 1, 0, 0, 1, C#, 0, N6, 2, major, 1, D5
55, 0, 1, 0, 0, 0, 1, 0, 0, 1, 0, 0, 0, 2, F#, 0, V/iv, 5, major, 0, C#5, C#, 0, iv, 4, minor, 0, F#4
55, 0, 1, 0, 0, 0, 0, 1, 0, 0, 1, 0, 0, 1, C#, 0, iv, 4, minor, 0, F#4
56, 0, 0, 0, 1, 0, 0, 1, 0, 0, 1, 0, 1, 2, E, 1, V65/III, 5, major, 1, B5, C#, 0, III, 3, major, 0, E4
56, 0, 0, 0, 0, 1, 0, 0, 0, 1, 0, 0, 1, 1, C#, 0, III, 3, major, 0, E4
57, 0, 1, 0, 0, 1, 0, 0, 0, 1, 1, 0, 0, 1, C#, 0, VI65, 6, major, 1, A4
57, 0, 0, 0, 1, 0, 0, 1, 0, 0, 1, 0, 0, 1, C#, 0, iio, 2, diminished, 0, D#4
57, 1, 0, 0, 1, 0, 0, 1, 0, 1, 0, 0, 0, 1, C#, 0, V65, 5, major, 1, G#5
57, 0, 1, 0, 0, 1, 0, 0, 0, 1, 0, 0, 0, 1, C#, 0, i, 1, minor, 0, C#4
58, 0, 1, 0, 1, 0, 0, 1, 0, 0, 0, 1, 0, 1, C#, 0, iihalfdim43, 2, minor, 2, D#5
58, 0, 1, 0, 0, 1, 0, 0, 0, 1, 0, 0, 0, 1, C#, 0, i64, 1, minor, 2, C#5
58, 0, 1, 0, 1, 0, 0, 1, 0, 0, 0, 1, 0, 1, C#, 0, iihalfdim65, 2, minor, 1, D#5
59, 0, 1, 0, 0, 1, 0, 0, 0, 1, 0, 0, 0, 1, C#, 0, i64, 1, minor, 2, C#5
59, 1, 0, 0, 1, 0, 0, 1, 0, 1, 0, 0, 0, 1, C#, 0, V7, 5, major, 0, G#4
60, 0, 1, 0, 0, 1, 0, 0, 0, 1, 0, 0, 0, 1, C#, 0, i, 1, minor, 0, C#4
61, 1, 0, 0, 1, 0, 0, 1, 0, 1, 0, 0, 0, 1, C#, 0, V65, 5, major, 1, G#5
62, 0, 1, 0, 0, 1, 0, 0, 0, 1, 0, 0, 0, 1, C#, 0, i, 1, minor, 0, C#4
63, 1, 0, 0, 1, 0, 0, 1, 0, 1, 0, 0, 0, 1, C#, 0, V7, 5, major, 0, G#4
64, 0, 1, 0, 0, 1, 0, 0, 0, 1, 0, 0, 0, 1, C#, 0, i, 1, minor, 0, C#4
65, 1, 0, 0, 1, 0, 0, 1, 0, 1, 0, 0, 0, 1, C#, 0, V7, 5, major, 0, G#4
66, 0, 1, 0, 0, 1, 0, 0, 0, 1, 0, 0, 0, 1, C#, 0, i, 1, minor, 0, C#4
