1, 0, 0, 1, 0, 0, 0, 1, 0, 0, 1, 0, 0, 1, D, 1, I, 1, major, 0, D4
2, 1, 0, 1, 0, 0, 0, 1, 0, 0, 1, 0, 0, 2, G, 1, V7/IV, 5, major, 0, D5, D, 1, IV, 4, major, 0, G4
3, 0, 0, 1, 0, 0, 0, 0, 1, 0, 0, 0, 1, 1, D, 1, IV6, 4, major, 1, G5
4, 0, 0, 1, 0, 0, 0, 0, 1, 0, 0, 0, 1, 1, D, 1, IV6, 4, major, 1, G5
5, 0, 0, 1, 0, 1, 0, 0, 1, 0, 0, 0, 1, 1, D, 1, ii7, 2, minor, 0, E4
6, 0, 1, 0, 0, 1, 0, 0, 1, 0, 1, 0, 0, 1, D, 1, V65, 5, major, 1, A5
7, 0, 0, 1, 0, 0, 0, 1, 0, 0, 1, 0, 0, 1, D, 1, I, 1, major, 0, D4
8, 0, 0, 1, 0, 0, 0, 1, 0, 0, 1, 0, 0, 1, D, 1, I6, 1, major, 1, D5
9, 0, 1, 0, 0, 1, 0, 0, 1, 0, 1, 0, 0, 1, D, 1, V7, 5, major, 0, A4
10, 0, 0, 1, 0, 0, 0, 1, 0, 0, 1, 0, 0, 1, D, 1, I, 1, major, 0, D4
11, 0, 0, 1, 0, 0, 0, 1, 0, 0, 1, 0, 0, 1, D, 1, I, 1, major, 0, D4
12, 1, 0, 1, 0, 0, 0, 1, 0, 0, 1, 0, 0, 2, G, 1, V7/IV, 5, major, 0, D5, D, 1, IV, 4, major, 0, G4
13, 0, 0, 1, 0, 0, 0, 0, 1, 0, 0, 0, 1, 1, D, 1, IV, 4, major, 0, G4
14, 0, 0, 1, 0, 0, 0, 0, 1, 0, 0, 0, 1, 1, D, 1, IV6, 4, major, 1, G5
15, 0, 0, 1, 0, 0, 0, 0, 1, 0, 0, 0, 1, 1, D, 1, IV6, 4, major, 1, G5
16, 0, 0, 1, 0, 0, 0, 0, 1, 0, 0, 0, 1, 1, D, 1, IV6, 4, major, 1, G5
17, 0, 0, 1, 0, 0, 0, 0, 1, 0, 0, 0, 1, 1, D, 1, IV6, 4, major, 1, G5
18, 0, 0, 1, 0, 0, 0, 0, 1, 0, 0, 0, 1, 1, D, 1, IV6, 4, major, 1, G5
19, 0, 0, 1, 0, 0, 0, 0, 1, 0, 0, 0, 1, 1, D, 1, IV6, 4, major, 1, G5
20, 0, 0, 1, 0, 0, 0, 0, 1, 0, 0, 0, 1, 1, D, 1, IV6, 4, major, 1, G5
21, 0, 0, 1, 0, 0, 0, 1, 0, 0, 1, 0, 0, 1, D, 1, I6, 1, major, 1, D5
22, 0, 0, 1, 0, 0, 0, 1, 0, 0, 1, 0, 0, 1, D, 1, I6, 1, major, 1, D5
22, 0, 0, 1, 0, 1, 0, 0, 1, 0, 0, 0, 1, 1, D, 1, ii65, 2, minor, 1, E5
22, 1, 0, 1, 0, 0, 0, 1, 0, 0, 1, 0, 0, 2, G, 1, V43/IV, 5, major, 2, D5, D, 1, IV, 4, major, 0, G4
23, 0, 0, 1, 0, 0, 0, 0, 1, 0, 0, 0, 1, 1, D, 1, IV6, 4, major, 1, G5
24, 0, 0, 1, 0, 0, 0, 0, 1, 0, 0, 0, 1, 1, D, 1, IV6, 4, major, 1, G5
24, 1, 0, 1, 0, 0, 0, 1, 0, 0, 1, 0, 0, 2, G, 1, V43/IV, 5, major, 2, D5, D, 1, IV, 4, major, 0, G4
25, 0, 0, 1, 0, 0, 0, 0, 1, 0, 0, 0, 1, 1, D, 1, IV, 4, major, 0, G4
25, 0, 0, 1, 0, 1, 0, 0, 0, 1, 0, 0, 1, 2, A, 1, V65/V, 5, major, 1, E6, D, 1, V, 5, major, 0, A4
26, 0, 1, 0, 0, 1, 0, 0, 0, 0, 1, 0, 0, 1, D, 1, V, 5, major, 0, A4
26, 0, 1, 0, 0, 1, 0, 0, 1, 0, 1, 0, 0, 1, D, 1, V7, 5, major, 0, A4
27, 0, 0, 1, 0, 0, 0, 1, 0, 0, 1, 0, 0, 1, D, 1, I, 1, major, 0, D4
28, 0, 0, 1, 0, 0, 0, 1, 0, 0, 1, 0, 0, 1, D, 1, I, 1, major, 0, D4
28, 0, 1, 0, 0, 1, 0, 0, 1, 0, 1, 0, 0, 1, D, 1, V7, 5, major, 0, A4
29, 0, 0, 1, 0, 0, 0, 1, 0, 0, 1, 0, 0, 1, D, 1, I6, 1, major, 1, D5
30, 0, 0, 1, 0, 0, 0, 1, 0, 0, 1, 0, 0, 1, D, 1, I6, 1, major, 1, D5
30, 0, 0, 0, 0, 1, 0, 0, 1, 0, 0, 0, 1, 1, D, 1, ii, 2, minor, 0, E4
30, 0, 0, 1, 0, 0, 0, 1, 0, 0, 1, 0, 0, 1, D, 1, I64, 1, major, 2, D5
31, 0, 0, 1, 0, 0, 0, 0, 1, 0, 0, 0, 1, 1, D, 1, IV6, 4, major, 1, G5
32, 0, 0, 1, 0, 0, 0, 0, 1, 0, 0, 0, 1, 1, D, 1, IV6, 4, major, 1, G5
32, 0, 0, 1, 0, 0, 0, 1, 0, 0, 1, 0, 0, 1, D, 1, I64, 1, major, 2, D5
33, 0, 0, 1, 0, 1, 0, 0, 1, 0, 0, 0, 1, 1, D, 1, ii65, 2, minor, 1, E5
33, 0, 0, 1, 0, 1, 0, 0, 0, 1, 0, 0, 1, 2, A, 1, V65/V, 5, major, 1, E6, D, 1, V, 5, major, 0, A4
34, 0, 1, 0, 0, 1, 0, 0, 0, 0, 1, 0, 0, 1, D, 1, V, 5, major, 0, A4
34, 0, 1, 0, 0, 1, 0, 0, 1, 0, 1, 0, 0, 1, D, 1, V7, 5, major, 0, A4
35, 0, 0, 1, 0, 0, 0, 1, 0, 0, 1, 0, 0, 1, D, 1, I, 1, major, 0, D4
36, 0, 0, 1, 0, 0, 0, 1, 0, 0, 1, 0, 0, 1, D, 1, I, 1, major, 0, D4
36, 0, 0, 1, 0, 0, 0, 1, 0, 0, 1, 0, 0, 1, D, 1, I6, 1, major, 1, D5
37, 0, 0, 1, 0, 1, 0, 0, 1, 0, 0, 0, 1, 1, D, 1, ii65, 2, minor, 1, E5
37, 0, 0, 1, 0, 1, 0, 0, 0, 1, 0, 0, 1, 2, A, 1, V65/V, 5, major, 1, E6, D, 1, V, 5, major, 0, A4
38, 0, 1, 0, 0, 1, 0, 0, 0, 0, 1, 0, 0, 1, D, 1, V, 5, major, 0, A4
38, 0, 1, 0, 0, 1, 0, 0, 1, 0, 1, 0, 0, 1, D, 1, V7, 5, major, 0, A4
39, 0, 0, 1, 0, 0, 0, 1, 0, 0, 1, 0, 0, 1, D, 1, I, 1, major, 0, D4
40, 0, 0, 1, 0, 0, 0, 1, 0, 0, 1, 0, 1, 1, A, 1, ii65, 2, minor, 1, B5
41, 0, 1, 0, 0, 1, 0, 0, 0, 0, 1, 0, 0, 1, A, 1, I6, 1, major, 1, A5
42, 0, 0, 1, 0, 1, 0, 0, 0, 1, 0, 0, 1, 1, A, 1, V43, 5, major, 2, E5
43, 0, 1, 0, 0, 1, 0, 0, 0, 0, 1, 0, 0, 1, A, 1, I, 1, major, 0, A4
44, 0, 1, 0, 0, 1, 0, 1, 0, 0, 1, 0, 0, 1, E, 1, ii65, 2, minor, 1, F#5
45, 0, 0, 0, 0, 1, 0, 0, 0, 1, 0, 0, 1, 1, E, 1, I6, 1, major, 1, E5
46, 0, 0, 0, 1, 0, 0, 1, 0, 0, 1, 0, 1, 1, E, 1, V43, 5, major, 2, B4
47, 0, 0, 0, 0, 1, 0, 0, 0, 1, 0, 0, 1, 1, E, 1, I, 1, major, 0, E4
48, 0, 0, 0, 0, 1, 0, 0, 0, 1, 0, 0, 1, 1, E, 1, I, 1, major, 0, E4
49, 0, 0, 0, 0, 1, 0, 0, 0, 1, 0, 0, 1, 1, E, 1, I, 1, major, 0, E4
50, 0, 0, 0, 0, 1, 0, 0, 0, 1, 0, 0, 1, 1, E, 1, I, 1, major, 0, E4
51, 0, 0, 0, 0, 1, 0, 0, 0, 1, 0, 0, 1, 1, E, 1, I, 1, major, 0, E4
52, 0, 0, 0, 0, 1, 0, 0, 0, 1, 0, 0, 1, 1, E, 1, I, 1, major, 0, E4
53, 0, 0, 0, 0, 1, 0, 0, 0, 1, 0, 0, 1, 1, E, 1, I, 1, major, 0, E4
54, 0, 0, 0, 0, 1, 0, 0, 0, 1, 0, 0, 1, 1, E, 1, I, 1, major, 0, E4
55, 0, 0, 0, 0, 1, 0, 0, 0, 1, 0, 0, 1, 1, E, 1, I, 1, major, 0, E4
56, 0, 0, 0, 1, 0, 0, 1, 0, 0, 1, 0, 1, 1, E, 1, V43, 5, major, 2, B4
57, 0, 0, 0, 0, 1, 0, 0, 0, 1, 0, 0, 1, 1, E, 1, I, 1, major, 0, E4
58, 0, 0, 0, 1, 0, 0, 1, 0, 0, 1, 0, 1, 1, E, 1, V43, 5, major, 2, B4
59, 0, 0, 0, 0, 1, 0, 0, 0, 1, 0, 0, 1, 1, E, 1, I, 1, major, 0, E4
60, 0, 0, 0, 0, 1, 0, 0, 0, 1, 0, 0, 1, 1, E, 1, I, 1, major, 0, E4
61, 0, 0, 0, 0, 1, 0, 0, 0, 1, 0, 0, 1, 1, E, 1, I, 1, major, 0, E4
62, 0, 0, 0, 0, 1, 0, 0, 0, 1, 0, 0, 1, 1, E, 1, I, 1, major, 0, E4
63, 0, 1, 0, 0, 0, 1, 0, 0, 1, 0, 0, 1, 2, F#, 0, V7/vi, 5, major, 0, C#5, A, 1, vi, 6, minor, 0, F#5
64, 0, 1, 0, 0, 0, 0, 1, 0, 0, 1, 0, 0, 1, A, 1, vi, 6, minor, 0, F#5
65, 0, 1, 0, 0, 0, 1, 0, 0, 1, 0, 0, 1, 2, F#, 0, V7/vi, 5, major, 0, C#5, A, 1, vi, 6, minor, 0, F#5
66, 0, 1, 0, 0, 0, 0, 1, 0, 0, 1, 0, 0, 1, A, 1, vi, 6, minor, 0, F#5
67, 0, 1, 0, 0, 1, 0, 1, 0, 0, 0, 1, 0, 2, B, 0, V7/ii, 5, major, 0, F#5, A, 1, ii, 2, minor, 0, B4
68, 0, 0, 1, 0, 0, 0, 1, 0, 0, 0, 0, 1, 1, A, 1, ii, 2, minor, 0, B4
69, 0, 1, 0, 0, 1, 0, 0, 0, 0, 1, 0, 0, 1, A, 1, I64, 1, major, 2, A5
69, 0, 0, 1, 0, 1, 0, 0, 0, 1, 0, 0, 1, 1, A, 1, V7, 5, major, 0, E5
70, 0, 1, 0, 0, 1, 0, 0, 0, 0, 1, 0, 0, 1, A, 1, I, 1, major, 0, A4
71, 0, 1, 0, 0, 0, 1, 0, 0, 1, 0, 0, 0, 2, F#, 0, V/vi, 5, major, 0, C#5, A, 1, vi, 6, minor, 0, F#5
72, 0, 1, 0, 0, 0, 0, 1, 0, 0, 1, 0, 0, 1, A, 1, vi, 6, minor, 0, F#5
73, 0, 1, 0, 0, 0, 1, 0, 0, 1, 0, 0, 0, 2, F#, 0, V/vi, 5, major, 0, C#5, A, 1, vi, 6, minor, 0, F#5
74, 0, 1, 0, 0, 0, 0, 1, 0, 0, 1, 0, 0, 1, A, 1, vi, 6, minor, 0, F#5
75, 0, 0, 1, 0, 0, 0, 1, 0, 0, 0, 0, 1, 1, A, 1, ii6, 2, minor, 1, B5
76, 1, 0, 1, 0, 0, 0, 1, 0, 0, 0, 0, 0, 1, F#, 1, It6, 4, other, 1, B#5
77, 0, 1, 0, 0, 0, 1, 0, 0, 1, 0, 0, 0, 1, F#, 1, V, 5, major, 0, C#5
78, 0, 1, 0, 0, 0, 1, 0, 0, 1, 0, 0, 0, 1, F#, 1, V, 5, major, 0, C#5
78, 1, 0, 1, 0, 0, 0, 1, 0, 0, 0, 0, 0, 1, F#, 1, It6, 4, other, 1, B#5
79, 0, 1, 0, 0, 0, 1, 0, 0, 1, 0, 0, 0, 1, F#, 1, V, 5, major, 0, C#5
79, 1, 0, 1, 0, 0, 0, 1, 0, 0, 0, 0, 0, 1, F#, 1, It6, 4, other, 1, B#5
80, 0, 1, 0, 0, 0, 1, 0, 0, 1, 0, 0, 0, 1, F#, 1, V, 5, major, 0, C#5
80, 1, 0, 1, 0, 0, 0, 1, 0, 0, 0, 0, 0, 1, F#, 1, It6, 4, other, 1, B#5
81, 0, 1, 0, 0, 0, 1, 0, 0, 1, 0, 0, 0, 1, F#, 1, V, 5, major, 0, C#5
82, 0, 1, 0, 0, 0, 1, 0, 0, 1, 0, 0, 0, 1, F#, 1, V, 5, major, 0, C#5
82, 0, 1, 0, 0, 0, 1, 0, 0, 1, 0, 1, 0, 1, F#, 1, iii7, 3, minor, 0, A#4
83, 0, 0, 1, 0, 0, 1, 0, 0, 1, 0, 0, 1, 1, F#, 1, viio43, 7, diminished, 2, E#5
83, 0, 1, 0, 0, 0, 1, 0, 0, 1, 0, 1, 0, 1, F#, 1, iii7, 3, minor, 0, A#4
84, 0, 0, 1, 0, 0, 1, 0, 0, 1, 0, 0, 1, 1, F#, 1, viio43, 7, diminished, 2, E#5
84, 0, 1, 0, 0, 0, 1, 0, 0, 1, 0, 1, 0, 1, F#, 1, iii7, 3, minor, 0, A#4
85, 0, 0, 1, 0, 0, 1, 0, 0, 1, 0, 0, 1, 1, F#, 1, viio43, 7, diminished, 2, E#5
86, 0, 0, 1, 0, 0, 1, 0, 0, 1, 0, 0, 1, 1, F#, 1, viio43, 7, diminished, 2, E#5
87, 0, 0, 1, 0, 1, 0, 0, 0, 1, 0, 0, 1, 1, A, 1, V43, 5, major, 2, E5
87, 0, 1, 0, 0, 0, 1, 0, 0, 1, 0, 1, 0, 2, B, 0, viihalfdim7/ii, 7, minor, 0, A#5, A, 1, ii, 2, minor, 0, B4
88, 0, 0, 1, 0, 1, 0, 0, 0, 1, 0, 0, 1, 1, A, 1, V43, 5, major, 2, E5
88, 0, 1, 0, 0, 0, 1, 0, 0, 1, 0, 1, 0, 2, B, 0, viihalfdim7/ii, 7, minor, 0, A#5, A, 1, ii, 2, minor, 0, B4
89, 0, 0, 1, 0, 1, 0, 0, 0, 1, 0, 0, 1, 1, A, 1, V43, 5, major, 2, E5
90, 0, 0, 1, 0, 1, 0, 0, 0, 1, 0, 0, 1, 1, A, 1, V43, 5, major, 2, E5
91, 0, 1, 0, 0, 1, 0, 0, 0, 0, 1, 0, 0, 1, A, 1, I, 1, major, 0, A4
91, 0, 0, 1, 0, 1, 0, 0, 0, 1, 0, 0, 1, 1, A, 1, V43, 5, major, 2, E5
92, 0, 1, 0, 0, 1, 0, 0, 0, 0, 1, 0, 0, 1, A, 1, I, 1, major, 0, A4
92, 0, 1, 0, 0, 0, 1, 0, 0, 1, 0, 0, 1, 2, F#, 0, V43/vi, 5, major, 2, C#5, A, 1, vi, 6, minor, 0, F#5
93, 0, 1, 0, 0, 0, 0, 1, 0, 0, 1, 0, 0, 1, A, 1, vi, 6, minor, 0, F#5
94, 0, 1, 0, 0, 0, 0, 1, 0, 0, 1, 0, 0, 1, A, 1, vi, 6, minor, 0, F#5
94, 0, 1, 0, 0, 0, 1, 0, 0, 1, 0, 0, 1, 2, F#, 0, V43/vi, 5, major, 2, C#5, A, 1, vi, 6, minor, 0, F#5
95, 0, 1, 0, 0, 0, 0, 1, 0, 0, 1, 0, 0, 1, A, 1, vi, 6, minor, 0, F#5
95, 0, 1, 0, 0, 0, 1, 0, 0, 1, 0, 0, 1, 2, F#, 0, V43/vi, 5, major, 2, C#5, A, 1, vi, 6, minor, 0, F#5
96, 0, 1, 0, 0, 0, 0, 1, 0, 0, 1, 0, 0, 1, A, 1, vi, 6, minor, 0, F#5
96, 0, 1, 0, 0, 1, 0, 0, 1, 0, 1, 0, 0, 2, D, 1, V43/IV, 5, major, 2, A4, A, 1, IV, 4, major, 0, D5
97, 0, 0, 1, 0, 0, 0, 1, 0, 0, 1, 0, 0, 1, A, 1, IV, 4, major, 0, D5
98, 0, 0, 1, 0, 0, 0, 1, 0, 0, 1, 0, 0, 1, A, 1, IV, 4, major, 0, D5
98, 0, 1, 0, 0, 1, 0, 0, 1, 0, 1, 0, 0, 2, D, 1, V43/IV, 5, major, 2, A4, A, 1, IV, 4, major, 0, D5
99, 0, 0, 1, 0, 0, 0, 1, 0, 0, 1, 0, 0, 1, A, 1, IV, 4, major, 0, D5
99, 0, 1, 0, 0, 1, 0, 0, 1, 0, 1, 0, 0, 2, D, 1, V43/IV, 5, major, 2, A4, A, 1, IV, 4, major, 0, D5
100, 0, 0, 1, 0, 0, 0, 1, 0, 0, 1, 0, 0, 1, A, 1, IV, 4, major, 0, D5
100, 0, 0, 1, 0, 1, 0, 0, 0, 1, 0, 0, 1, 1, A, 1, V43, 5, major, 2, E5
101, 0, 1, 0, 0, 1, 0, 0, 0, 0, 1, 0, 0, 1, A, 1, I6, 1, major, 1, A5
101, 0, 0, 0, 0, 1, 0, 0, 0, 1, 0, 0, 1, 1, A, 1, V6, 5, major, 1, E6
102, 0, 1, 0, 0, 1, 0, 0, 0, 0, 1, 0, 0, 1, A, 1, I, 1, major, 0, A4
102, 0, 0, 1, 0, 0, 0, 1, 0, 0, 1, 0, 0, 1, A, 1, IV6, 4, major, 1, D6
103, 0, 1, 0, 0, 1, 0, 0, 0, 0, 1, 0, 0, 1, A, 1, I6, 1, major, 1, A5
104, 0, 1, 0, 0, 1, 0, 0, 0, 0, 1, 0, 0, 1, A, 1, I6, 1, major, 1, A5
105, 0, 0, 0, 1, 0, 0, 1, 0, 0, 1, 0, 0, 2, E, 1, viio6/V, 7, diminished, 1, D#5, A, 1, V, 5, major, 0, E5
106, 0, 0, 0, 1, 0, 0, 1, 0, 0, 1, 0, 0, 2, E, 1, viio6/V, 7, diminished, 1, D#5, A, 1, V, 5, major, 0, E5
107, 0, 1, 0, 0, 1, 0, 0, 0, 0, 1, 0, 0, 1, A, 1, I64, 1, major, 2, A5
108, 0, 0, 1, 0, 1, 0, 0, 0, 1, 0, 0, 1, 1, A, 1, V7, 5, major, 0, E5
109, 0, 1, 0, 0, 1, 0, 0, 0, 0, 1, 0, 0, 1, A, 1, I6, 1, major, 1, A5
110, 0, 1, 0, 0, 1, 0, 0, 0, 0, 1, 0, 0, 1, A, 1, I6, 1, major, 1, A5
110, 1, 0, 0, 1, 0, 0, 1, 0, 0, 1, 0, 0, 2, C#, 0, viio7/iii, 7, diminished, 0, B#4, A, 1, iii, 3, minor, 0, C#5
111, 0, 1, 0, 0, 1, 0, 0, 0, 0, 1, 0, 0, 1, A, 1, I6, 1, major, 1, A5
111, 0, 0, 1, 0, 0, 0, 1, 0, 0, 1, 0, 0, 1, A, 1, IV, 4, major, 0, D5
112, 0, 1, 0, 0, 1, 0, 0, 0, 0, 1, 0, 0, 1, A, 1, I6, 1, major, 1, A5
112, 0, 0, 1, 0, 1, 0, 0, 0, 1, 0, 0, 1, 1, A, 1, V43, 5, major, 2, E5
113, 0, 1, 0, 0, 1, 0, 0, 0, 0, 1, 0, 0, 1, A, 1, I, 1, major, 0, A4
114, 0, 1, 0, 0, 1, 0, 0, 0, 0, 1, 0, 0, 1, A, 1, I, 1, major, 0, A4
114, 1, 0, 0, 0, 1, 0, 0, 0, 1, 0, 0, 0, 1, A, 1, V+6, 5, augmented, 1, E6
115, 0, 1, 0, 0, 1, 0, 0, 0, 0, 1, 0, 0, 1, A, 1, I, 1, major, 0, A4
115, 0, 0, 1, 0, 1, 0, 0, 0, 1, 0, 0, 1, 1, A, 1, V43, 5, major, 2, E5
116, 0, 1, 0, 0, 1, 0, 0, 0, 0, 1, 0, 0, 1, A, 1, I, 1, major, 0, A4
116, 0, 1, 0, 0, 0, 1, 0, 0, 1, 0, 0, 1, 2, F#, 0, V43/vi, 5, major, 2, C#5, A, 1, vi, 6, minor, 0, F#5
117, 0, 1, 0, 0, 0, 0, 1, 0, 0, 1, 0, 0, 1, A, 1, vi, 6, minor, 0, F#5
118, 0, 1, 0, 0, 0, 0, 1, 0, 0, 1, 0, 0, 1, A, 1, vi, 6, minor, 0, F#5
118, 0, 1, 0, 0, 0, 1, 0, 0, 1, 0, 0, 0, 2, F#, 0, V6/vi, 5, major, 1, C#6, A, 1, vi, 6, minor, 0, F#5
119, 0, 1, 0, 0, 0, 0, 1, 0, 0, 1, 0, 0, 1, A, 1, vi, 6, minor, 0, F#5
119, 0, 1, 0, 0, 0, 1, 0, 0, 1, 0, 0, 0, 2, F#, 0, V6/vi, 5, major, 1, C#6, A, 1, vi, 6, minor, 0, F#5
120, 0, 1, 0, 0, 0, 0, 1, 0, 0, 1, 0, 0, 1, A, 1, vi, 6, minor, 0, F#5
120, 0, 1, 0, 0, 1, 0, 1, 0, 0, 0, 1, 0, 2, B, 0, V42/ii, 5, major, 3, F#5, A, 1, ii, 2, minor, 0, B4
121, 0, 0, 1, 0, 0, 0, 1, 0, 0, 0, 0, 1, 1, A, 1, ii6, 2, minor, 1, B5
121, 0, 1, 0, 0, 0, 0, 1, 0, 0, 0, 1, 0, 2, B, 0, V6/ii, 5, major, 1, F#6, A, 1, ii, 2, minor, 0, B4
122, 0, 0, 1, 0, 0, 0, 1, 0, 0, 0, 0, 1, 1, A, 1, ii6, 2, minor, 1, B5
122, 0, 0, 0, 1, 0, 0, 1, 0, 0, 1, 0, 1, 2, E, 1, V42/V, 5, major, 3, B4, A, 1, V, 5, major, 0, E5
123, 0, 0, 0, 0, 1, 0, 0, 0, 1, 0, 0, 1, 1, A, 1, V6, 5, major, 1, E6
123, 0, 0, 0, 1, 0, 0, 1, 0, 0, 0, 0, 1, 2, E, 1, V6/V, 5, major, 1, B5, A, 1, V, 5, major, 0, E5
124, 0, 0, 0, 0, 1, 0, 0, 1, 0, 0, 0, 1, 1, A, 1, v, 5, minor, 0, E5
124, 0, 0, 1, 0, 1, 0, 0, 0, 1, 0, 0, 1, 1, A, 1, V42, 5, major, 3, E5
125, 0, 1, 0, 0, 1, 0, 0, 0, 0, 1, 0, 0, 1, A, 1, I6, 1, major, 1, A5
126, 0, 1, 0, 0, 1, 0, 0, 0, 0, 1, 0, 0, 1, A, 1, I6, 1, major, 1, A5
127, 0, 0, 0, 1, 0, 0, 1, 0, 0, 1, 0, 1, 2, E, 1, V43/V, 5, major, 2, B4, A, 1, V, 5, major, 0, E5
128, 0, 0, 0, 1, 0, 0, 1, 0, 0, 1, 0, 1, 2, E, 1, V43/V, 5, major, 2, B4, A, 1, V, 5, major, 0, E5
129, 0, 1, 0, 0, 1, 0, 0, 0, 0, 1, 0, 0, 1, A, 1, I64, 1, major, 2, A5
130, 0, 1, 0, 0, 1, 0, 0, 0, 0, 1, 0, 0, 1, A, 1, I64, 1, major, 2, A5
131, 0, 1, 0, 0, 1, 0, 0, 0, 0, 1, 0, 0, 1, A, 1, I64, 1, major, 2, A5
132, 0, 1, 0, 0, 1, 0, 0, 0, 0, 1, 0, 0, 1, A, 1, I64, 1, major, 2, A5
133, 0, 1, 0, 0, 1, 0, 0, 0, 0, 1, 0, 0, 1, A, 1, I64, 1, major, 2, A5
134, 0, 1, 0, 0, 1, 0, 0, 0, 0, 1, 0, 0, 1, A, 1, I64, 1, major, 2, A5
134, 0, 0, 1, 0, 1, 0, 0, 0, 1, 0, 0, 1, 1, A, 1, V7, 5, major, 0, E5
135, 0, 1, 0, 0, 1, 0, 0, 0, 0, 1, 0, 0, 1, A, 1, I, 1, major, 0, A4
136, 0, 1, 0, 0, 1, 0, 0, 0, 0, 1, 0, 0, 1, A, 1, I, 1, major, 0, A4
137, 0, 1, 0, 0, 1, 0, 0, 0, 0, 1, 0, 0, 1, A, 1, I6, 1, major, 1, A5
138, 0, 0, 1, 0, 1, 0, 0, 0, 1, 0, 0, 1, 1, A, 1, V7, 5, major, 0, E5
139, 0, 1, 0, 0, 1, 0, 0, 0, 0, 1, 0, 0, 1, A, 1, I, 1, major, 0, A4
140, 0, 1, 0, 0, 1, 0, 0, 1, 0, 1, 0, 0, 2, D, 1, V65/IV, 5, major, 1, A5, A, 1, IV, 4, major, 0, D5
141, 0, 0, 1, 0, 0, 0, 1, 0, 0, 1, 0, 0, 1, A, 1, IV, 4, major, 0, D5
142, 0, 0, 1, 0, 1, 0, 0, 0, 1, 0, 0, 1, 1, A, 1, V7, 5, major, 0, E5
143, 0, 1, 0, 0, 1, 0, 0, 0, 0, 1, 0, 0, 1, A, 1, I, 1, major, 0, A4
144, 0, 1, 0, 0, 1, 0, 0, 0, 0, 1, 0, 0, 1, A, 1, I, 1, major, 0, A4
145, 0, 1, 0, 0, 1, 0, 0, 0, 0, 1, 0, 0, 1, A, 1, I6, 1, major, 1, A5
146, 0, 0, 1, 0, 1, 0, 0, 0, 1, 0, 0, 1, 1, A, 1, V7, 5, major, 0, E5
147, 0, 1, 0, 0, 1, 0, 0, 0, 0, 1, 0, 0, 1, A, 1, I, 1, major, 0, A4
148, 0, 1, 0, 0, 1, 0, 0, 1, 0, 1, 0, 0, 2, D, 1, V65/IV, 5, major, 1, A5, A, 1, IV, 4, major, 0, D5
149, 0, 0, 1, 0, 0, 0, 1, 0, 0, 1, 0, 0, 1, A, 1, IV, 4, major, 0, D5
150, 0, 0, 1, 0, 1, 0, 0, 0, 1, 0, 0, 1, 1, A, 1, V7, 5, major, 0, E5
151, 0, 1, 0, 0, 1, 0, 0, 0, 0, 1, 0, 0, 1, A, 1, I, 1, major, 0, A4
152, 0, 1, 0, 0, 1, 0, 0, 1, 0, 1, 0, 0, 2, D, 1, V65/IV, 5, major, 1, A5, A, 1, IV, 4, major, 0, D5
153, 0, 0, 1, 0, 0, 0, 1, 0, 0, 1, 0, 0, 1, A, 1, IV, 4, major, 0, D5
154, 0, 0, 1, 0, 1, 0, 0, 0, 1, 0, 0, 1, 1, A, 1, V7, 5, major, 0, E5
155, 0, 1, 0, 0, 1, 0, 0, 0, 0, 1, 0, 0, 1, A, 1, I, 1, major, 0, A4
156, 0, 0, 1, 0, 1, 0, 0, 0, 1, 0, 0, 1, 1, A, 1, V7, 5, major, 0, E5
157, 0, 1, 0, 0, 1, 0, 0, 0, 0, 1, 0, 0, 1, A, 1, I, 1, major, 0, A4
158, 0, 0, 1, 0, 1, 0, 0, 0, 1, 0, 0, 1, 1, A, 1, V7, 5, major, 0, E5
159, 0, 1, 0, 0, 1, 0, 0, 0, 0, 1, 0, 0, 1, A, 1, I, 1, major, 0, A4
160, 0, 1, 0, 0, 1, 0, 0, 1, 0, 1, 0, 0, 1, D, 1, V7, 5, major, 0, A4
161, 0, 1, 0, 0, 1, 0, 0, 1, 0, 1, 0, 0, 1, D, 1, V7, 5, major, 0, A4
162, 0, 1, 0, 0, 1, 0, 0, 1, 0, 1, 0, 0, 1, D, 1, V7, 5, major, 0, A4
163, 0, 0, 1, 0, 0, 0, 1, 0, 0, 1, 0, 0, 1, G, 1, V6, 5, major, 1, D6
164, 0, 0, 1, 0, 0, 0, 1, 0, 0, 1, 0, 0, 1, G, 1, V6, 5, major, 1, D6
165, 0, 0, 1, 0, 0, 0, 1, 0, 0, 1, 0, 0, 1, G, 1, V6, 5, major, 1, D6
166, 0, 0, 1, 0, 0, 0, 1, 0, 0, 1, 0, 0, 1, G, 1, V6, 5, major, 1, D6
167, 0, 0, 1, 0, 0, 0, 1, 0, 0, 1, 0, 0, 1, G, 1, V6, 5, major, 1, D6
168, 0, 0, 1, 0, 0, 0, 0, 1, 0, 0, 0, 1, 1, G, 1, I, 1, major, 0, G4
169, 0, 0, 1, 0, 0, 1, 0, 1, 0, 0, 0, 1, 2, C, 1, V7/IV, 5, major, 0, G4, G, 1, IV, 4, major, 0, C5
170, 1, 0, 0, 0, 1, 0, 0, 1, 0, 0, 0, 0, 1, G, 1, IV, 4, major, 0, C5
171, 1, 0, 0, 0, 1, 0, 0, 1, 0, 0, 0, 0, 1, G, 1, IV6, 4, major, 1, C6
172, 1, 0, 0, 0, 1, 0, 0, 1, 0, 1, 0, 0, 1, G, 1, ii7, 2, minor, 0, A4
173, 1, 0, 1, 0, 0, 0, 1, 0, 0, 1, 0, 0, 1, G, 1, V65, 5, major, 1, D6
174, 0, 0, 1, 0, 0, 0, 0, 1, 0, 0, 0, 1, 1, G, 1, I, 1, major, 0, G4
175, 0, 0, 1, 0, 0, 0, 0, 1, 0, 0, 0, 1, 1, G, 1, I6, 1, major, 1, G5
176, 1, 0, 1, 0, 0, 0, 1, 0, 0, 1, 0, 0, 1, G, 1, V7, 5, major, 0, D5
177, 0, 0, 1, 0, 0, 0, 0, 1, 0, 0, 0, 1, 1, G, 1, I, 1, major, 0, G4
178, 1, 0, 1, 0, 0, 0, 1, 0, 0, 1, 0, 0, 1, G, 1, V7, 5, major, 0, D5
179, 1, 0, 1, 0, 0, 0, 1, 0, 0, 1, 0, 0, 1, G, 1, V7, 5, major, 0, D5
180, 1, 0, 0, 1, 0, 0, 0, 1, 0, 0, 0, 0, 1, G, 0, iv, 4, minor, 0, C5
181, 1, 0, 0, 1, 0, 0, 0, 1, 0, 0, 0, 0, 1, G, 0, iv6, 4, minor, 1, C6
182, 1, 0, 0, 0, 1, 0, 0, 1, 0, 1, 0, 0, 1, G, 0, iihalfdim7, 2, minor, 0, A4
183, 1, 0, 0, 1, 0, 0, 1, 0, 0, 1, 0, 0, 1, G, 0, viio7, 7, diminished, 0, F#5
184, 0, 0, 1, 0, 0, 0, 0, 1, 0, 0, 1, 0, 1, G, 0, i, 1, minor, 0, G4
185, 0, 0, 1, 0, 0, 0, 0, 1, 0, 0, 1, 0, 1, G, 0, i, 1, minor, 0, G4
186, 1, 0, 1, 0, 0, 0, 1, 0, 0, 1, 0, 0, 1, G, 0, V7, 5, major, 0, D5
187, 0, 0, 1, 0, 0, 0, 0, 1, 0, 0, 1, 0, 1, G, 0, i, 1, minor, 0, G4
188, 0, 1, 0, 0, 1, 0, 0, 0, 0, 1, 0, 0, 1, D, 0, V6, 5, major, 1, A5
189, 0, 0, 1, 0, 0, 1, 0, 0, 0, 1, 0, 0, 1, D, 0, i, 1, minor, 0, D4
190, 0, 1, 0, 0, 1, 0, 0, 1, 0, 1, 0, 0, 1, D, 0, V65, 5, major, 1, A5
191, 0, 0, 1, 0, 0, 1, 0, 0, 0, 1, 0, 0, 1, D, 0, i, 1, minor, 0, D4
192, 0, 0, 1, 0, 0, 0, 1, 0, 0, 1, 0, 0, 1, G, 0, V, 5, major, 0, D5
193, 0, 0, 1, 0, 0, 0, 0, 1, 0, 0, 1, 0, 1, G, 0, i, 1, minor, 0, G4
194, 1, 0, 1, 0, 0, 0, 1, 0, 0, 1, 0, 0, 1, G, 0, V65, 5, major, 1, D6
195, 0, 0, 1, 0, 0, 0, 0, 1, 0, 0, 1, 0, 1, G, 0, i, 1, minor, 0, G4
196, 0, 1, 0, 0, 1, 0, 0, 0, 0, 1, 0, 0, 1, D, 0, V, 5, major, 0, A4
197, 0, 0, 1, 0, 0, 1, 0, 0, 0, 1, 0, 0, 1, D, 0, i, 1, minor, 0, D4
198, 0, 1, 0, 0, 1, 0, 0, 1, 0, 1, 0, 0, 1, D, 0, V65, 5, major, 1, A5
199, 0, 0, 1, 0, 0, 1, 0, 0, 0, 1, 0, 0, 1, D, 0, i, 1, minor, 0, D4
200, 0, 1, 0, 0, 1, 0, 0, 1, 0, 1, 0, 0, 1, D, 0, V65, 5, major, 1, A5
201, 0, 0, 1, 0, 0, 1, 0, 0, 0, 1, 0, 0, 1, D, 0, i, 1, minor, 0, D4
202, 0, 1, 0, 0, 1, 0, 0, 1, 0, 1, 0, 0, 1, D, 0, V65, 5, major, 1, A5
203, 0, 0, 1, 0, 0, 1, 0, 0, 0, 1, 0, 0, 1, D, 0, i, 1, minor, 0, D4
203, 0, 0, 0, 1, 0, 0, 1, 0, 0, 1, 0, 1, 2, E, 1, V65/V, 5, major, 1, B5, A, 0, V, 5, major, 0, E5
204, 0, 0, 1, 0, 1, 0, 0, 0, 1, 0, 0, 1, 1, A, 0, V65, 5, major, 1, E6
205, 1, 0, 0, 0, 1, 0, 0, 0, 0, 1, 0, 0, 1, A, 0, i, 1, minor, 0, A4
206, 0, 0, 1, 0, 1, 0, 0, 0, 1, 0, 0, 1, 1, A, 0, V65, 5, major, 1, E6
207, 1, 0, 0, 0, 1, 0, 0, 0, 0, 1, 0, 0, 1, A, 0, i, 1, minor, 0, A4
208, 0, 0, 1, 0, 1, 0, 0, 0, 1, 0, 0, 1, 1, A, 0, V65, 5, major, 1, E6
209, 1, 0, 0, 0, 1, 0, 0, 0, 0, 1, 0, 0, 1, A, 0, i, 1, minor, 0, A4
210, 1, 0, 0, 1, 0, 0, 1, 0, 0, 1, 0, 0, 1, E, 0, viio65, 7, diminished, 1, D#5
211, 0, 0, 0, 0, 1, 0, 0, 1, 0, 0, 0, 1, 1, E, 0, i, 1, minor, 0, E4
212, 0, 0, 0, 1, 0, 0, 1, 0, 0, 1, 0, 1, 1, E, 0, V7, 5, major, 0, B4
213, 0, 0, 0, 0, 1, 0, 0, 1, 0, 0, 0, 1, 1, E, 0, i, 1, minor, 0, E4
214, 0, 1, 0, 0, 1, 0, 0, 1, 0, 0, 1, 0, 1, B, 0, viio65, 7, diminished, 1, A#5
215, 0, 0, 1, 0, 0, 0, 1, 0, 0, 0, 0, 1, 1, B, 0, i, 1, minor, 0, B4
216, 0, 1, 0, 0, 1, 0, 1, 0, 0, 0, 1, 0, 1, B, 0, V7, 5, major, 0, F#5
217, 0, 0, 1, 0, 0, 0, 1, 0, 0, 0, 0, 1, 1, B, 0, i, 1, minor, 0, B4
218, 0, 0, 1, 0, 0, 1, 0, 1, 0, 0, 0, 1, 1, B, 0, Ger65, 4, other, 1, E#6
219, 0, 0, 1, 0, 0, 1, 0, 1, 0, 0, 0, 1, 1, B, 0, Ger65, 4, other, 1, E#6
220, 0, 1, 0, 0, 0, 0, 1, 0, 0, 0, 1, 0, 1, B, 0, V, 5, major, 0, F#5
221, 0, 0, 1, 0, 0, 0, 1, 0, 0, 0, 0, 1, 1, B, 0, i64, 1, minor, 2, B5
222, 0, 1, 0, 0, 1, 0, 1, 0, 0, 0, 1, 0, 1, B, 0, V7, 5, major, 0, F#5
223, 0, 0, 1, 0, 0, 0, 1, 0, 0, 0, 0, 1, 1, B, 0, i64, 1, minor, 2, B5
224, 0, 1, 0, 0, 0, 0, 1, 0, 0, 0, 1, 0, 1, B, 0, V, 5, major, 0, F#5
225, 0, 0, 1, 0, 0, 0, 1, 0, 0, 0, 0, 1, 1, B, 0, i64, 1, minor, 2, B5
226, 0, 1, 0, 0, 1, 0, 1, 0, 0, 0, 1, 0, 1, B, 0, V7, 5, major, 0, F#5
227, 0, 0, 1, 0, 0, 0, 1, 0, 0, 0, 0, 1, 1, B, 0, i64, 1, minor, 2, B5
228, 0, 1, 0, 0, 0, 0, 1, 0, 0, 0, 1, 0, 1, B, 0, V, 5, major, 0, F#5
229, 0, 1, 0, 0, 0, 0, 1, 0, 0, 0, 1, 0, 1, B, 0, V, 5, major, 0, F#5
230, 0, 1, 0, 0, 0, 0, 1, 0, 0, 0, 1, 0, 1, B, 0, V, 5, major, 0, F#5
231, 0, 1, 0, 0, 0, 0, 1, 0, 0, 0, 1, 0, 1, B, 0, V, 5, major, 0, F#5
232, 0, 1, 0, 0, 0, 0, 1, 0, 0, 0, 1, 0, 1, B, 0, V, 5, major, 0, F#5
233, 0, 1, 0, 0, 0, 0, 1, 0, 0, 0, 1, 0, 1, B, 0, V, 5, major, 0, F#5
234, 0, 1, 0, 0, 0, 0, 1, 0, 0, 0, 1, 0, 1, B, 0, V, 5, major, 0, F#5
235, 0, 1, 0, 0, 0, 0, 1, 0, 0, 0, 1, 0, 1, B, 0, V, 5, major, 0, F#5
236, 0, 1, 0, 0, 0, 0, 1, 0, 0, 0, 1, 0, 1, B, 0, V, 5, major, 0, F#5
237, 0, 1, 0, 0, 0, 0, 1, 0, 0, 0, 1, 0, 1, B, 0, V, 5, major, 0, F#5
238, 0, 1, 0, 0, 0, 0, 1, 0, 0, 0, 1, 0, 1, B, 0, V, 5, major, 0, F#5
239, 0, 1, 0, 0, 0, 0, 1, 0, 0, 0, 1, 0, 1, B, 0, V, 5, major, 0, F#5
240, 0, 1, 0, 0, 0, 0, 1, 0, 0, 0, 1, 0, 1, B, 0, V, 5, major, 0, F#5
241, 0, 1, 0, 0, 0, 0, 1, 0, 0, 0, 1, 0, 1, B, 0, V, 5, major, 0, F#5
242, 0, 1, 0, 0, 0, 0, 1, 0, 0, 0, 1, 0, 1, B, 0, V, 5, major, 0, F#5
243, 0, 1, 0, 0, 0, 0, 1, 0, 0, 0, 1, 0, 1, B, 0, V, 5, major, 0, F#5
244, 0, 1, 0, 0, 0, 0, 1, 0, 0, 0, 1, 0, 1, B, 0, V, 5, major, 0, F#5
245, 0, 1, 0, 0, 0, 0, 1, 0, 0, 0, 1, 0, 1, B, 0, V, 5, major, 0, F#5
246, 0, 1, 0, 0, 0, 0, 1, 0, 0, 0, 1, 0, 1, B, 0, V, 5, major, 0, F#5
247, 0, 1, 0, 0, 0, 0, 1, 0, 0, 0, 1, 0, 1, B, 0, V, 5, major, 0, F#5
248, 0, 1, 0, 0, 0, 0, 1, 0, 0, 0, 1, 0, 1, B, 0, V, 5, major, 0, F#5
249, 0, 1, 0, 0, 0, 0, 1, 0, 0, 0, 1, 0, 1, B, 0, V, 5, major, 0, F#5
250, 0, 1, 0, 0, 0, 0, 1, 0, 0, 0, 1, 0, 1, B, 0, V, 5, major, 0, F#5
251, 0, 1, 0, 0, 0, 0, 1, 0, 0, 0, 1, 0, 1, B, 0, V, 5, major, 0, F#5
252, 0, 1, 0, 0, 0, 0, 1, 0, 0, 0, 1, 0, 1, B, 0, V, 5, major, 0, F#5
253, 0, 1, 0, 0, 0, 0, 1, 0, 0, 0, 1, 0, 1, B, 0, V, 5, major, 0, F#5
254, 0, 1, 0, 0, 0, 0, 1, 0, 0, 0, 1, 0, 1, B, 0, V, 5, major, 0, F#5
255, 0, 1, 0, 0, 0, 0, 1, 0, 0, 0, 1, 0, 1, B, 0, V, 5, major, 0, F#5
256, 0, 1, 0, 0, 0, 0, 1, 0, 0, 0, 1, 0, 1, B, 0, V, 5, major, 0, F#5
257, 0, 1, 0, 0, 0, 0, 1, 0, 0, 0, 1, 0, 1, B, 0, V, 5, major, 0, F#5
258, 0, 0, 0, 1, 0, 0, 1, 0, 0, 0, 0, 1, 1, B, 1, I, 1, major, 0, B4
259, 0, 0, 0, 1, 0, 0, 1, 0, 0, 0, 0, 1, 1, B, 1, I6, 1, major, 1, B5
260, 0, 1, 0, 0, 1, 0, 1, 0, 0, 0, 1, 0, 1, B, 1, V7, 5, major, 0, F#5
261, 0, 0, 0, 1, 0, 0, 1, 0, 0, 0, 0, 1, 1, B, 1, I, 1, major, 0, B4
262, 0, 0, 0, 1, 0, 0, 1, 0, 0, 0, 0, 1, 1, B, 1, I, 1, major, 0, B4
263, 0, 0, 1, 0, 0, 0, 1, 0, 0, 0, 0, 1, 1, B, 0, i, 1, minor, 0, B4
264, 0, 0, 1, 0, 0, 0, 1, 0, 0, 0, 0, 1, 1, B, 0, i6, 1, minor, 1, B5
265, 0, 1, 0, 0, 1, 0, 1, 0, 0, 0, 1, 0, 1, B, 0, V7, 5, major, 0, F#5
266, 0, 0, 1, 0, 0, 0, 1, 0, 0, 0, 0, 1, 1, B, 0, i, 1, minor, 0, B4
267, 0, 0, 1, 0, 0, 0, 1, 0, 0, 0, 0, 1, 1, B, 0, i, 1, minor, 0, B4
268, 0, 1, 0, 0, 1, 0, 0, 1, 0, 1, 0, 0, 1, D, 1, V7, 5, major, 0, A4
269, 0, 1, 0, 0, 1, 0, 0, 1, 0, 1, 0, 0, 1, D, 1, V7, 5, major, 0, A4
270, 0, 1, 0, 0, 1, 0, 0, 1, 0, 1, 0, 0, 1, D, 1, V7, 5, major, 0, A4
271, 0, 1, 0, 0, 1, 0, 0, 1, 0, 1, 0, 0, 1, D, 1, V7, 5, major, 0, A4
272, 0, 1, 0, 0, 1, 0, 0, 1, 0, 1, 0, 0, 1, D, 1, V7, 5, major, 0, A4
273, 0, 1, 0, 0, 1, 0, 0, 1, 0, 1, 0, 0, 1, D, 1, V7, 5, major, 0, A4
274, 0, 1, 0, 0, 1, 0, 0, 1, 0, 1, 0, 0, 1, D, 1, V7, 5, major, 0, A4
275, 0, 1, 0, 0, 1, 0, 0, 1, 0, 1, 0, 0, 1, D, 1, V7, 5, major, 0, A4
276, 0, 1, 0, 0, 1, 0, 0, 1, 0, 1, 0, 0, 1, D, 1, V7, 5, major, 0, A4
277, 0, 1, 0, 0, 1, 0, 0, 1, 0, 1, 0, 0, 1, D, 1, V7, 5, major, 0, A4
278, 0, 1, 0, 0, 1, 0, 0, 1, 0, 1, 0, 0, 1, D, 1, V7, 5, major, 0, A4
279, 0, 1, 0, 0, 1, 0, 0, 1, 0, 1, 0, 0, 1, D, 1, V7, 5, major, 0, A4
280, 1, 0, 1, 0, 0, 0, 1, 0, 0, 1, 0, 0, 2, G, 1, V7/IV, 5, major, 0, D5, D, 1, IV, 4, major, 0, G4
281, 1, 0, 1, 0, 0, 0, 1, 0, 0, 1, 0, 0, 2, G, 1, V65/IV, 5, major, 1, D6, D, 1, IV, 4, major, 0, G4
282, 0, 0, 1, 0, 0, 0, 0, 1, 0, 0, 0, 1, 1, D, 1, IV, 4, major, 0, G4
283, 0, 0, 1, 0, 0, 0, 0, 1, 0, 0, 0, 1, 1, D, 1, IV6, 4, major, 1, G5
284, 0, 0, 1, 0, 0, 0, 0, 1, 0, 0, 0, 1, 1, D, 1, IV6, 4, major, 1, G5
285, 0, 0, 1, 0, 0, 0, 0, 1, 0, 0, 0, 1, 1, D, 1, IV6, 4, major, 1, G5
286, 0, 0, 1, 0, 0, 0, 0, 1, 0, 0, 0, 1, 1, D, 1, IV6, 4, major, 1, G5
287, 0, 0, 1, 0, 0, 0, 0, 1, 0, 0, 0, 1, 1, D, 1, IV6, 4, major, 1, G5
288, 0, 0, 1, 0, 0, 0, 0, 1, 0, 0, 0, 1, 1, D, 1, IV6, 4, major, 1, G5
289, 0, 0, 1, 0, 0, 0, 0, 1, 0, 0, 0, 1, 1, D, 1, IV6, 4, major, 1, G5
290, 0, 0, 1, 0, 0, 0, 0, 1, 0, 0, 0, 1, 1, D, 1, IV6, 4, major, 1, G5
291, 0, 0, 1, 0, 0, 0, 0, 1, 0, 0, 0, 1, 1, D, 1, IV6, 4, major, 1, G5
292, 0, 0, 1, 0, 0, 0, 0, 1, 0, 0, 0, 1, 1, D, 1, IV6, 4, major, 1, G5
293, 0, 0, 1, 0, 0, 0, 0, 1, 0, 0, 0, 1, 1, D, 1, IV6, 4, major, 1, G5
294, 0, 0, 1, 0, 0, 0, 0, 1, 0, 0, 0, 1, 1, D, 1, IV6, 4, major, 1, G5
295, 0, 0, 1, 0, 0, 0, 0, 1, 0, 0, 0, 1, 1, D, 1, IV6, 4, major, 1, G5
296, 0, 0, 1, 0, 0, 0, 0, 1, 0, 0, 0, 1, 1, D, 1, IV6, 4, major, 1, G5
297, 0, 0, 1, 0, 0, 0, 0, 1, 0, 0, 0, 1, 1, D, 1, IV6, 4, major, 1, G5
298, 0, 0, 1, 0, 0, 0, 0, 1, 0, 0, 0, 1, 1, D, 1, IV6, 4, major, 1, G5
299, 0, 0, 1, 0, 0, 0, 0, 1, 0, 0, 0, 1, 1, D, 1, IV6, 4, major, 1, G5
300, 0, 0, 1, 0, 0, 0, 0, 1, 0, 0, 0, 1, 1, D, 1, IV6, 4, major, 1, G5
301, 0, 0, 1, 0, 0, 0, 0, 1, 0, 0, 0, 1, 1, D, 1, IV6, 4, major, 1, G5
302, 0, 0, 1, 0, 0, 0, 0, 1, 0, 0, 0, 1, 1, D, 1, IV6, 4, major, 1, G5
303, 0, 0, 1, 0, 0, 0, 0, 1, 0, 0, 0, 1, 1, D, 1, IV6, 4, major, 1, G5
304, 0, 0, 1, 0, 0, 0, 0, 1, 0, 0, 0, 1, 1, D, 1, IV6, 4, major, 1, G5
305, 0, 0, 1, 0, 0, 0, 0, 1, 0, 0, 0, 1, 1, D, 1, IV6, 4, major, 1, G5
306, 0, 0, 1, 0, 0, 0, 0, 1, 0, 0, 0, 1, 1, D, 1, IV6, 4, major, 1, G5
307, 0, 0, 1, 0, 0, 0, 0, 1, 0, 0, 0, 1, 1, D, 1, IV6, 4, major, 1, G5
308, 0, 0, 1, 0, 0, 0, 0, 1, 0, 0, 0, 1, 1, D, 1, IV6, 4, major, 1, G5
309, 0, 0, 1, 0, 0, 0, 0, 1, 0, 0, 0, 1, 1, D, 1, IV6, 4, major, 1, G5
309, 0, 0, 1, 0, 0, 0, 1, 0, 0, 1, 0, 0, 1, D, 1, I6, 1, major, 1, D5
310, 0, 0, 1, 0, 1, 0, 0, 1, 0, 0, 0, 1, 1, D, 1, ii65, 2, minor, 1, E5
310, 0, 0, 1, 0, 1, 0, 0, 0, 1, 0, 0, 1, 2, A, 1, V65/V, 5, major, 1, E6, D, 1, V, 5, major, 0, A4
311, 0, 1, 0, 0, 1, 0, 0, 0, 0, 1, 0, 0, 1, D, 1, V, 5, major, 0, A4
311, 0, 1, 0, 0, 1, 0, 0, 1, 0, 1, 0, 0, 1, D, 1, V7, 5, major, 0, A4
312, 0, 0, 1, 0, 0, 0, 1, 0, 0, 1, 0, 0, 1, D, 1, I, 1, major, 0, D4
313, 0, 0, 1, 0, 0, 0, 1, 0, 0, 1, 0, 1, 1, A, 1, ii65, 2, minor, 1, B5
314, 0, 1, 0, 0, 1, 0, 0, 0, 0, 1, 0, 0, 1, A, 1, I6, 1, major, 1, A5
315, 0, 0, 1, 0, 1, 0, 0, 0, 1, 0, 0, 1, 1, A, 1, V43, 5, major, 2, E5
316, 0, 1, 0, 0, 1, 0, 0, 0, 0, 1, 0, 0, 1, A, 1, I, 1, major, 0, A4
317, 0, 0, 1, 0, 1, 0, 0, 1, 0, 0, 0, 1, 1, D, 1, ii65, 2, minor, 1, E5
318, 0, 0, 1, 0, 0, 0, 1, 0, 0, 1, 0, 0, 1, D, 1, I6, 1, major, 1, D5
319, 0, 1, 0, 0, 1, 0, 0, 1, 0, 1, 0, 0, 1, D, 1, V43, 5, major, 2, A4
320, 0, 0, 1, 0, 0, 0, 1, 0, 0, 1, 0, 0, 1, D, 1, I, 1, major, 0, D4
321, 0, 0, 1, 0, 0, 0, 1, 0, 0, 1, 0, 1, 1, A, 1, ii65, 2, minor, 1, B5
322, 0, 1, 0, 0, 1, 0, 0, 0, 0, 1, 0, 0, 1, A, 1, I6, 1, major, 1, A5
323, 0, 0, 1, 0, 1, 0, 0, 0, 1, 0, 0, 1, 1, A, 1, V43, 5, major, 2, E5
324, 0, 1, 0, 0, 1, 0, 0, 0, 0, 1, 0, 0, 1, A, 1, I, 1, major, 0, A4
325, 0, 0, 1, 0, 1, 0, 0, 1, 0, 0, 0, 1, 1, D, 1, ii65, 2, minor, 1, E5
326, 0, 0, 1, 0, 0, 0, 1, 0, 0, 1, 0, 0, 1, D, 1, I6, 1, major, 1, D5
327, 0, 1, 0, 0, 1, 0, 0, 1, 0, 1, 0, 0, 1, D, 1, V43, 5, major, 2, A4
328, 0, 0, 1, 0, 0, 0, 1, 0, 0, 1, 0, 0, 1, D, 1, I, 1, major, 0, D4
329, 0, 0, 1, 0, 1, 0, 0, 0, 1, 0, 0, 1, 1, A, 1, V43, 5, major, 2, E5
330, 0, 1, 0, 0, 1, 0, 0, 0, 0, 1, 0, 0, 1, A, 1, I, 1, major, 0, A4
331, 0, 0, 1, 0, 1, 0, 0, 0, 1, 0, 0, 1, 1, A, 1, V43, 5, major, 2, E5
332, 0, 1, 0, 0, 1, 0, 0, 0, 0, 1, 0, 0, 1, A, 1, I, 1, major, 0, A4
333, 0, 0, 1, 0, 1, 0, 0, 0, 1, 0, 0, 1, 1, A, 1, V43, 5, major, 2, E5
334, 0, 1, 0, 0, 1, 0, 0, 0, 0, 1, 0, 0, 1, A, 1, I, 1, major, 0, A4
335, 0, 1, 0, 0, 1, 0, 0, 0, 0, 1, 0, 0, 1, A, 1, I, 1, major, 0, A4
336, 0, 1, 0, 0, 1, 0, 0, 0, 0, 1, 0, 0, 1, A, 1, I, 1, major, 0, A4
337, 0, 1, 0, 0, 1, 0, 0, 0, 0, 1, 0, 0, 1, A, 1, I, 1, major, 0, A4
338, 0, 1, 0, 0, 1, 0, 1, 0, 0, 0, 1, 0, 2, B, 0, V7/vi, 5, major, 0, F#5, D, 1, vi, 6, minor, 0, B4
339, 0, 0, 1, 0, 0, 0, 1, 0, 0, 0, 0, 1, 1, D, 1, vi, 6, minor, 0, B4
340, 0, 1, 0, 0, 1, 0, 1, 0, 0, 0, 1, 0, 2, B, 0, V7/vi, 5, major, 0, F#5, D, 1, vi, 6, minor, 0, B4
341, 0, 0, 1, 0, 0, 0, 1, 0, 0, 0, 0, 1, 1, D, 1, vi, 6, minor, 0, B4
342, 0, 0, 0, 1, 0, 0, 1, 0, 0, 1, 0, 1, 2, E, 0, V7/ii, 5, major, 0, B4, D, 1, ii, 2, minor, 0, E4
343, 0, 0, 0, 0, 1, 0, 0, 1, 0, 0, 0, 1, 1, D, 1, ii, 2, minor, 0, E4
344, 0, 0, 1, 0, 0, 0, 1, 0, 0, 1, 0, 0, 1, D, 1, I64, 1, major, 2, D5
344, 0, 1, 0, 0, 1, 0, 0, 1, 0, 1, 0, 0, 1, D, 1, V7, 5, major, 0, A4
345, 0, 0, 1, 0, 0, 0, 1, 0, 0, 1, 0, 0, 1, D, 1, I, 1, major, 0, D4
346, 0, 1, 0, 0, 0, 0, 1, 0, 0, 0, 1, 0, 2, B, 0, V/vi, 5, major, 0, F#5, D, 1, vi, 6, minor, 0, B4
347, 0, 0, 1, 0, 0, 0, 1, 0, 0, 0, 0, 1, 1, D, 1, vi, 6, minor, 0, B4
348, 0, 1, 0, 0, 0, 0, 1, 0, 0, 0, 1, 0, 2, B, 0, V/vi, 5, major, 0, F#5, D, 1, vi, 6, minor, 0, B4
349, 0, 0, 1, 0, 0, 0, 1, 0, 0, 0, 0, 1, 1, D, 1, vi, 6, minor, 0, B4
350, 0, 0, 0, 0, 1, 0, 0, 1, 0, 0, 0, 1, 1, D, 1, ii6, 2, minor, 1, E5
351, 0, 0, 0, 0, 0, 1, 0, 1, 0, 0, 0, 1, 1, B, 1, It6, 4, other, 1, E#6
352, 0, 1, 0, 0, 0, 0, 1, 0, 0, 0, 1, 0, 1, B, 1, V, 5, major, 0, F#5
353, 0, 1, 0, 0, 0, 0, 1, 0, 0, 0, 1, 0, 1, B, 1, V, 5, major, 0, F#5
353, 0, 0, 0, 0, 0, 1, 0, 1, 0, 0, 0, 1, 1, B, 1, It6, 4, other, 1, E#6
354, 0, 1, 0, 0, 0, 0, 1, 0, 0, 0, 1, 0, 1, B, 1, V, 5, major, 0, F#5
354, 0, 0, 0, 0, 0, 1, 0, 1, 0, 0, 0, 1, 1, B, 1, It6, 4, other, 1, E#6
355, 0, 1, 0, 0, 0, 0, 1, 0, 0, 0, 1, 0, 1, B, 1, V, 5, major, 0, F#5
355, 0, 0, 0, 0, 0, 1, 0, 1, 0, 0, 0, 1, 1, B, 1, It6, 4, other, 1, E#6
356, 0, 1, 0, 0, 0, 0, 1, 0, 0, 0, 1, 0, 1, B, 1, V, 5, major, 0, F#5
357, 0, 1, 0, 0, 0, 0, 1, 0, 0, 0, 1, 0, 1, B, 1, V, 5, major, 0, F#5
357, 0, 1, 0, 1, 0, 0, 1, 0, 0, 0, 1, 0, 1, B, 1, iii7, 3, minor, 0, D#5
358, 0, 1, 0, 0, 1, 0, 0, 1, 0, 0, 1, 0, 1, B, 1, viio43, 7, diminished, 2, A#5
358, 0, 1, 0, 1, 0, 0, 1, 0, 0, 0, 1, 0, 1, B, 1, iii7, 3, minor, 0, D#5
359, 0, 1, 0, 0, 1, 0, 0, 1, 0, 0, 1, 0, 1, B, 1, viio43, 7, diminished, 2, A#5
359, 0, 1, 0, 1, 0, 0, 1, 0, 0, 0, 1, 0, 1, B, 1, iii7, 3, minor, 0, D#5
360, 0, 1, 0, 0, 1, 0, 0, 1, 0, 0, 1, 0, 1, B, 1, viio43, 7, diminished, 2, A#5
361, 0, 1, 0, 0, 1, 0, 0, 1, 0, 0, 1, 0, 1, B, 1, viio43, 7, diminished, 2, A#5
362, 0, 1, 0, 0, 1, 0, 0, 1, 0, 1, 0, 0, 1, D, 1, V43, 5, major, 2, A4
362, 0, 1, 0, 1, 0, 0, 1, 0, 0, 0, 1, 0, 2, E, 0, viihalfdim7/ii, 7, minor, 0, D#5, D, 1, ii, 2, minor, 0, E4
363, 0, 1, 0, 0, 1, 0, 0, 1, 0, 1, 0, 0, 1, D, 1, V43, 5, major, 2, A4
363, 0, 1, 0, 1, 0, 0, 1, 0, 0, 0, 1, 0, 2, E, 0, viihalfdim7/ii, 7, minor, 0, D#5, D, 1, ii, 2, minor, 0, E4
364, 0, 1, 0, 0, 1, 0, 0, 1, 0, 1, 0, 0, 1, D, 1, V43, 5, major, 2, A4
365, 0, 1, 0, 0, 1, 0, 0, 1, 0, 1, 0, 0, 1, D, 1, V43, 5, major, 2, A4
366, 0, 0, 1, 0, 0, 0, 1, 0, 0, 1, 0, 0, 1, D, 1, I, 1, major, 0, D4
366, 0, 1, 0, 0, 1, 0, 0, 1, 0, 1, 0, 0, 1, D, 1, V43, 5, major, 2, A4
367, 0, 0, 1, 0, 0, 0, 1, 0, 0, 1, 0, 0, 1, D, 1, I, 1, major, 0, D4
367, 0, 1, 0, 0, 1, 0, 1, 0, 0, 0, 1, 0, 2, B, 0, V43/vi, 5, major, 2, F#5, D, 1, vi, 6, minor, 0, B4
368, 0, 0, 1, 0, 0, 0, 1, 0, 0, 0, 0, 1, 1, D, 1, vi, 6, minor, 0, B4
369, 0, 0, 1, 0, 0, 0, 1, 0, 0, 0, 0, 1, 1, D, 1, vi, 6, minor, 0, B4
369, 0, 1, 0, 0, 1, 0, 1, 0, 0, 0, 1, 0, 2, B, 0, V43/vi, 5, major, 2, F#5, D, 1, vi, 6, minor, 0, B4
370, 0, 0, 1, 0, 0, 0, 1, 0, 0, 0, 0, 1, 1, D, 1, vi, 6, minor, 0, B4
370, 0, 1, 0, 0, 1, 0, 1, 0, 0, 0, 1, 0, 2, B, 0, V43/vi, 5, major, 2, F#5, D, 1, vi, 6, minor, 0, B4
371, 0, 0, 1, 0, 0, 0, 1, 0, 0, 0, 0, 1, 1, D, 1, vi, 6, minor, 0, B4
371, 1, 0, 1, 0, 0, 0, 1, 0, 0, 1, 0, 0, 2, G, 1, V43/IV, 5, major, 2, D5, D, 1, IV, 4, major, 0, G4
372, 0, 0, 1, 0, 0, 0, 0, 1, 0, 0, 0, 1, 1, D, 1, IV, 4, major, 0, G4
373, 0, 0, 1, 0, 0, 0, 0, 1, 0, 0, 0, 1, 1, D, 1, IV, 4, major, 0, G4
373, 1, 0, 1, 0, 0, 0, 1, 0, 0, 1, 0, 0, 2, G, 1, V43/IV, 5, major, 2, D5, D, 1, IV, 4, major, 0, G4
374, 0, 0, 1, 0, 0, 0, 0, 1, 0, 0, 0, 1, 1, D, 1, IV, 4, major, 0, G4
374, 1, 0, 1, 0, 0, 0, 1, 0, 0, 1, 0, 0, 2, G, 1, V43/IV, 5, major, 2, D5, D, 1, IV, 4, major, 0, G4
375, 0, 0, 1, 0, 0, 0, 0, 1, 0, 0, 0, 1, 1, D, 1, IV, 4, major, 0, G4
375, 0, 1, 0, 0, 1, 0, 0, 1, 0, 1, 0, 0, 1, D, 1, V43, 5, major, 2, A4
376, 0, 0, 1, 0, 0, 0, 1, 0, 0, 1, 0, 0, 1, D, 1, I6, 1, major, 1, D5
376, 0, 1, 0, 0, 1, 0, 0, 0, 0, 1, 0, 0, 1, D, 1, V6, 5, major, 1, A5
377, 0, 0, 1, 0, 0, 0, 1, 0, 0, 1, 0, 0, 1, D, 1, I, 1, major, 0, D4
377, 0, 0, 1, 0, 0, 0, 0, 1, 0, 0, 0, 1, 1, D, 1, IV6, 4, major, 1, G5
378, 0, 0, 1, 0, 0, 0, 1, 0, 0, 1, 0, 0, 1, D, 1, I6, 1, major, 1, D5
379, 0, 0, 1, 0, 0, 0, 1, 0, 0, 1, 0, 0, 1, D, 1, I6, 1, major, 1, D5
380, 0, 0, 1, 0, 0, 0, 0, 0, 1, 0, 0, 1, 2, A, 1, viio6/V, 7, diminished, 1, G#5, D, 1, V, 5, major, 0, A4
381, 0, 0, 1, 0, 0, 0, 0, 0, 1, 0, 0, 1, 2, A, 1, viio6/V, 7, diminished, 1, G#5, D, 1, V, 5, major, 0, A4
382, 0, 0, 1, 0, 0, 0, 1, 0, 0, 1, 0, 0, 1, D, 1, I64, 1, major, 2, D5
383, 0, 1, 0, 0, 1, 0, 0, 1, 0, 1, 0, 0, 1, D, 1, V7, 5, major, 0, A4
384, 0, 0, 1, 0, 0, 0, 1, 0, 0, 1, 0, 0, 1, D, 1, I6, 1, major, 1, D5
385, 0, 0, 1, 0, 0, 0, 1, 0, 0, 1, 0, 0, 1, D, 1, I6, 1, major, 1, D5
385, 0, 0, 1, 0, 0, 1, 0, 0, 1, 0, 0, 1, 2, F#, 0, viio7/iii, 7, diminished, 0, E#5, D, 1, iii, 3, minor, 0, F#4
386, 0, 0, 1, 0, 0, 0, 1, 0, 0, 1, 0, 0, 1, D, 1, I6, 1, major, 1, D5
386, 0, 0, 1, 0, 0, 0, 0, 1, 0, 0, 0, 1, 1, D, 1, IV, 4, major, 0, G4
387, 0, 0, 1, 0, 0, 0, 1, 0, 0, 1, 0, 0, 1, D, 1, I6, 1, major, 1, D5
387, 0, 1, 0, 0, 1, 0, 0, 1, 0, 1, 0, 0, 1, D, 1, V43, 5, major, 2, A4
388, 0, 0, 1, 0, 0, 0, 1, 0, 0, 1, 0, 0, 1, D, 1, I, 1, major, 0, D4
389, 0, 0, 1, 0, 0, 0, 1, 0, 0, 1, 0, 0, 1, D, 1, I, 1, major, 0, D4
389, 0, 1, 0, 0, 0, 1, 0, 0, 0, 1, 0, 0, 1, D, 1, V+6, 5, augmented, 1, A5
390, 0, 0, 1, 0, 0, 0, 1, 0, 0, 1, 0, 0, 1, D, 1, I, 1, major, 0, D4
390, 0, 1, 0, 0, 1, 0, 0, 1, 0, 1, 0, 0, 1, D, 1, V43, 5, major, 2, A4
391, 0, 0, 1, 0, 0, 0, 1, 0, 0, 1, 0, 0, 1, D, 1, I, 1, major, 0, D4
391, 0, 1, 0, 0, 1, 0, 1, 0, 0, 0, 1, 0, 2, B, 0, V43/vi, 5, major, 2, F#5, D, 1, vi, 6, minor, 0, B4
392, 0, 0, 1, 0, 0, 0, 1, 0, 0, 0, 0, 1, 1, D, 1, vi, 6, minor, 0, B4
393, 0, 0, 1, 0, 0, 0, 1, 0, 0, 0, 0, 1, 1, D, 1, vi, 6, minor, 0, B4
393, 0, 1, 0, 0, 0, 0, 1, 0, 0, 0, 1, 0, 2, B, 0, V6/vi, 5, major, 1, F#6, D, 1, vi, 6, minor, 0, B4
394, 0, 0, 1, 0, 0, 0, 1, 0, 0, 0, 0, 1, 1, D, 1, vi, 6, minor, 0, B4
394, 0, 1, 0, 0, 0, 0, 1, 0, 0, 0, 1, 0, 2, B, 0, V6/vi, 5, major, 1, F#6, D, 1, vi, 6, minor, 0, B4
395, 0, 0, 1, 0, 0, 0, 1, 0, 0, 0, 0, 1, 1, D, 1, vi, 6, minor, 0, B4
395, 0, 0, 0, 1, 0, 0, 1, 0, 0, 1, 0, 1, 2, E, 0, V42/ii, 5, major, 3, B4, D, 1, ii, 2, minor, 0, E4
396, 0, 0, 0, 0, 1, 0, 0, 1, 0, 0, 0, 1, 1, D, 1, ii6, 2, minor, 1, E5
396, 0, 0, 0, 1, 0, 0, 1, 0, 0, 0, 0, 1, 2, E, 0, V6/ii, 5, major, 1, B5, D, 1, ii, 2, minor, 0, E4
397, 0, 0, 0, 0, 1, 0, 0, 1, 0, 0, 0, 1, 1, D, 1, ii6, 2, minor, 1, E5
397, 0, 0, 1, 0, 1, 0, 0, 0, 1, 0, 0, 1, 2, A, 1, V42/V, 5, major, 3, E5, D, 1, V, 5, major, 0, A4
398, 0, 1, 0, 0, 1, 0, 0, 0, 0, 1, 0, 0, 1, D, 1, V6, 5, major, 1, A5
398, 0, 0, 0, 0, 1, 0, 0, 0, 1, 0, 0, 1, 2, A, 1, V6/V, 5, major, 1, E6, D, 1, V, 5, major, 0, A4
399, 1, 0, 0, 0, 1, 0, 0, 0, 0, 1, 0, 0, 1, D, 1, v, 5, minor, 0, A4
399, 0, 1, 0, 0, 1, 0, 0, 1, 0, 1, 0, 0, 1, D, 1, V42, 5, major, 3, A4
400, 0, 0, 1, 0, 0, 0, 1, 0, 0, 1, 0, 0, 1, D, 1, I6, 1, major, 1, D5
401, 0, 0, 1, 0, 0, 0, 1, 0, 0, 1, 0, 0, 1, D, 1, I6, 1, major, 1, D5
402, 0, 0, 1, 0, 0, 0, 0, 0, 1, 0, 0, 1, 2, A, 1, viio6/V, 7, diminished, 1, G#5, D, 1, V, 5, major, 0, A4
403, 0, 0, 1, 0, 0, 0, 0, 0, 1, 0, 0, 1, 2, A, 1, viio6/V, 7, diminished, 1, G#5, D, 1, V, 5, major, 0, A4
404, 0, 0, 1, 0, 0, 0, 1, 0, 0, 1, 0, 0, 1, D, 1, I64, 1, major, 2, D5
405, 0, 0, 1, 0, 0, 0, 1, 0, 0, 1, 0, 0, 1, D, 1, I64, 1, major, 2, D5
406, 0, 0, 1, 0, 0, 0, 1, 0, 0, 1, 0, 0, 1, D, 1, I64, 1, major, 2, D5
407, 0, 0, 1, 0, 0, 0, 1, 0, 0, 1, 0, 0, 1, D, 1, I64, 1, major, 2, D5
408, 0, 0, 1, 0, 0, 0, 1, 0, 0, 1, 0, 0, 1, D, 1, I64, 1, major, 2, D5
409, 0, 0, 1, 0, 0, 0, 1, 0, 0, 1, 0, 0, 1, D, 1, I64, 1, major, 2, D5
410, 0, 0, 1, 0, 0, 0, 1, 0, 0, 1, 0, 0, 1, D, 1, I64, 1, major, 2, D5
411, 0, 0, 1, 0, 0, 0, 1, 0, 0, 1, 0, 0, 1, D, 1, I64, 1, major, 2, D5
411, 0, 1, 0, 0, 1, 0, 0, 1, 0, 1, 0, 0, 1, D, 1, V7, 5, major, 0, A4
412, 0, 0, 1, 0, 0, 0, 1, 0, 0, 1, 0, 0, 1, D, 1, I, 1, major, 0, D4
413, 0, 0, 1, 0, 0, 0, 1, 0, 0, 1, 0, 0, 1, D, 1, I, 1, major, 0, D4
414, 0, 0, 1, 0, 0, 0, 1, 0, 0, 1, 0, 0, 1, D, 1, I6, 1, major, 1, D5
415, 0, 1, 0, 0, 1, 0, 0, 1, 0, 1, 0, 0, 1, D, 1, V7, 5, major, 0, A4
416, 0, 0, 1, 0, 0, 0, 1, 0, 0, 1, 0, 0, 1, D, 1, I, 1, major, 0, D4
417, 1, 0, 1, 0, 0, 0, 1, 0, 0, 1, 0, 0, 2, G, 1, V65/IV, 5, major, 1, D6, D, 1, IV, 4, major, 0, G4
418, 0, 0, 1, 0, 0, 0, 0, 1, 0, 0, 0, 1, 1, D, 1, IV, 4, major, 0, G4
419, 0, 1, 0, 0, 1, 0, 0, 1, 0, 1, 0, 0, 1, D, 1, V7, 5, major, 0, A4
420, 0, 0, 1, 0, 0, 0, 1, 0, 0, 1, 0, 0, 1, D, 1, I, 1, major, 0, D4
421, 0, 0, 1, 0, 0, 0, 1, 0, 0, 1, 0, 0, 1, D, 1, I, 1, major, 0, D4
422, 0, 0, 1, 0, 0, 0, 1, 0, 0, 1, 0, 0, 1, D, 1, I6, 1, major, 1, D5
423, 0, 1, 0, 0, 1, 0, 0, 1, 0, 1, 0, 0, 1, D, 1, V7, 5, major, 0, A4
424, 0, 0, 1, 0, 0, 0, 1, 0, 0, 1, 0, 0, 1, D, 1, I, 1, major, 0, D4
425, 1, 0, 1, 0, 0, 0, 1, 0, 0, 1, 0, 0, 2, G, 1, V65/IV, 5, major, 1, D6, D, 1, IV, 4, major, 0, G4
426, 0, 0, 1, 0, 0, 0, 0, 1, 0, 0, 0, 1, 1, D, 1, IV, 4, major, 0, G4
427, 0, 1, 0, 0, 1, 0, 0, 1, 0, 1, 0, 0, 1, D, 1, V7, 5, major, 0, A4
428, 0, 0, 1, 0, 0, 0, 1, 0, 0, 1, 0, 0, 1, D, 1, I, 1, major, 0, D4
429, 1, 0, 1, 0, 0, 0, 1, 0, 0, 1, 0, 0, 2, G, 1, V65/IV, 5, major, 1, D6, D, 1, IV, 4, major, 0, G4
430, 0, 0, 1, 0, 0, 0, 0, 1, 0, 0, 0, 1, 1, D, 1, IV, 4, major, 0, G4
431, 0, 1, 0, 0, 1, 0, 0, 1, 0, 1, 0, 0, 1, D, 1, V7, 5, major, 0, A4
432, 0, 0, 1, 0, 0, 0, 1, 0, 0, 1, 0, 0, 1, D, 1, I, 1, major, 0, D4
433, 0, 1, 0, 0, 1, 0, 0, 1, 0, 1, 0, 0, 1, D, 1, V7, 5, major, 0, A4
434, 0, 0, 1, 0, 0, 0, 1, 0, 0, 1, 0, 0, 1, D, 1, I, 1, major, 0, D4
435, 0, 1, 0, 0, 1, 0, 0, 1, 0, 1, 0, 0, 1, D, 1, V7, 5, major, 0, A4
436, 0, 1, 0, 0, 1, 0, 0, 1, 0, 1, 0, 0, 1, D, 1, V7, 5, major, 0, A4
437, 0, 1, 0, 0, 1, 0, 0, 1, 0, 1, 0, 0, 1, D, 1, V7, 5, major, 0, A4
438, 0, 1, 0, 0, 1, 0, 0, 1, 0, 1, 0, 0, 1, D, 1, V7, 5, major, 0, A4
439, 0, 0, 1, 0, 0, 0, 1, 0, 0, 1, 0, 0, 1, D, 1, I, 1, major, 0, D4
440, 1, 0, 1, 0, 0, 0, 1, 0, 0, 1, 0, 0, 2, G, 1, V7/IV, 5, major, 0, D5, D, 1, IV, 4, major, 0, G4
441, 0, 0, 1, 0, 0, 0, 0, 1, 0, 0, 0, 1, 1, D, 1, IV, 4, major, 0, G4
442, 0, 0, 1, 0, 0, 0, 0, 1, 0, 0, 0, 1, 1, D, 1, IV6, 4, major, 1, G5
443, 0, 0, 1, 0, 1, 0, 0, 1, 0, 0, 0, 1, 1, D, 1, ii7, 2, minor, 0, E4
444, 0, 1, 0, 0, 1, 0, 0, 1, 0, 1, 0, 0, 1, D, 1, V65, 5, major, 1, A5
445, 0, 0, 1, 0, 0, 0, 1, 0, 0, 1, 0, 0, 1, D, 1, I, 1, major, 0, D4
446, 0, 0, 1, 0, 0, 0, 1, 0, 0, 1, 0, 0, 1, D, 1, I6, 1, major, 1, D5
447, 0, 1, 0, 0, 1, 0, 0, 1, 0, 1, 0, 0, 1, D, 1, V7, 5, major, 0, A4
448, 0, 0, 1, 0, 0, 0, 1, 0, 0, 1, 0, 0, 1, D, 1, I, 1, major, 0, D4
449, 0, 1, 0, 0, 1, 0, 0, 1, 0, 1, 0, 0, 1, D, 1, V7, 5, major, 0, A4
450, 0, 0, 1, 0, 0, 0, 1, 0, 0, 1, 0, 0, 1, D, 1, I, 1, major, 0, D4
451, 0, 1, 0, 0, 1, 0, 0, 1, 0, 1, 0, 0, 1, D, 1, V7, 5, major, 0, A4
452, 0, 0, 1, 0, 0, 0, 1, 0, 0, 1, 0, 0, 1, D, 1, I, 1, major, 0, D4
453, 0, 1, 0, 0, 1, 0, 0, 1, 0, 1, 0, 0, 1, D, 1, V7, 5, major, 0, A4
454, 0, 0, 1, 0, 0, 0, 1, 0, 0, 1, 0, 0, 1, D, 1, I, 1, major, 0, D4
455, 0, 1, 0, 0, 1, 0, 0, 1, 0, 1, 0, 0, 1, D, 1, V7, 5, major, 0, A4
456, 0, 0, 1, 0, 0, 0, 1, 0, 0, 1, 0, 0, 1, D, 1, I, 1, major, 0, D4
457, 0, 0, 1, 0, 0, 0, 1, 0, 0, 1, 0, 0, 1, D, 1, I, 1, major, 0, D4
458, 0, 0, 1, 0, 0, 0, 1, 0, 0, 1, 0, 0, 1, D, 1, I, 1, major, 0, D4
459, 0, 0, 1, 0, 0, 0, 1, 0, 0, 1, 0, 0, 1, D, 1, I, 1, major, 0, D4
460, 0, 1, 0, 0, 1, 0, 0, 1, 0, 1, 0, 0, 1, D, 1, V7, 5, major, 0, A4
461, 0, 0, 1, 0, 0, 0, 1, 0, 0, 1, 0, 0, 1, D, 1, I, 1, major, 0, D4
