1, 0, 0, 1, 0, 0, 0, 0, 1, 0, 0, 0, 1, 1, G, 1, I, 1, major, 0, G4
1, 0, 0, 1, 0, 0, 0, 0, 1, 0, 0, 0, 1, 1, G, 1, I, 1, major, 0, G4
2, 0, 0, 1, 0, 0, 0, 0, 1, 0, 0, 0, 1, 1, G, 1, I, 1, major, 0, G4
3, 0, 0, 1, 0, 0, 0, 0, 1, 0, 0, 0, 1, 1, G, 1, I, 1, major, 0, G4
4, 0, 0, 1, 0, 0, 0, 0, 1, 0, 0, 0, 1, 1, G, 1, I, 1, major, 0, G4
5, 0, 0, 1, 0, 0, 0, 0, 1, 0, 0, 0, 1, 1, G, 1, I, 1, major, 0, G4
6, 0, 0, 1, 0, 0, 0, 0, 1, 0, 0, 0, 1, 1, G, 1, I, 1, major, 0, G4
7, 0, 0, 1, 0, 0, 0, 0, 1, 0, 0, 0, 1, 1, G, 1, I, 1, major, 0, G4
8, 0, 0, 1, 0, 0, 0, 0, 1, 0, 0, 0, 1, 1, G, 1, I, 1, major, 0, G4
8, 0, 0, 0, 0, 1, 0, 0, 1, 0, 0, 0, 1, 1, D, 1, ii, 2, minor, 0, E4
9, 0, 0, 1, 0, 0, 0, 1, 0, 0, 1, 0, 0, 1, D, 1, I64, 1, major, 2, D5
10, 0, 0, 1, 0, 0, 0, 1, 0, 0, 1, 0, 0, 1, D, 1, I64, 1, major, 2, D5
10, 0, 1, 0, 0, 1, 0, 0, 1, 0, 1, 0, 0, 1, D, 1, V7, 5, major, 0, A4
11, 0, 0, 1, 0, 0, 0, 1, 0, 0, 1, 0, 0, 1, D, 1, I, 1, major, 0, D4
12, 1, 0, 0, 0, 0, 1, 0, 0, 0, 1, 0, 0, 1, F, 1, I, 1, major, 0, F4
13, 1, 0, 0, 0, 0, 1, 0, 0, 0, 1, 0, 0, 1, F, 1, I, 1, major, 0, F4
14, 1, 0, 0, 0, 0, 1, 0, 0, 0, 1, 0, 0, 1, F, 1, I, 1, major, 0, F4
15, 1, 0, 0, 0, 0, 1, 0, 0, 0, 1, 0, 0, 1, F, 1, I, 1, major, 0, F4
16, 1, 0, 0, 0, 0, 1, 0, 0, 0, 1, 0, 0, 1, F, 1, I, 1, major, 0, F4
17, 1, 0, 0, 0, 0, 1, 0, 0, 0, 1, 0, 0, 1, F, 1, I, 1, major, 0, F4
18, 1, 0, 0, 0, 0, 1, 0, 0, 0, 1, 0, 0, 1, F, 1, I, 1, major, 0, F4
19, 1, 0, 0, 0, 0, 1, 0, 0, 0, 1, 0, 0, 1, F, 1, I, 1, major, 0, F4
19, 0, 0, 1, 0, 0, 1, 0, 0, 0, 1, 0, 0, 1, C, 1, ii, 2, minor, 0, D4
20, 1, 0, 0, 0, 1, 0, 0, 1, 0, 0, 0, 0, 1, C, 1, I64, 1, major, 2, C5
21, 1, 0, 0, 0, 1, 0, 0, 1, 0, 0, 0, 0, 1, C, 1, I64, 1, major, 2, C5
21, 0, 0, 1, 0, 0, 1, 0, 1, 0, 0, 0, 1, 1, C, 1, V7, 5, major, 0, G4
22, 1, 0, 0, 0, 1, 0, 0, 1, 0, 0, 0, 0, 1, C, 1, I, 1, major, 0, C4
23, 1, 0, 0, 0, 1, 0, 0, 1, 0, 0, 0, 0, 1, C, 1, I, 1, major, 0, C4
23, 1, 0, 0, 0, 1, 0, 0, 0, 0, 1, 0, 0, 1, G, 1, ii, 2, minor, 0, A4
24, 0, 0, 1, 0, 0, 0, 0, 1, 0, 0, 0, 1, 1, G, 1, I64, 1, major, 2, G5
25, 0, 0, 1, 0, 0, 0, 0, 1, 0, 0, 0, 1, 1, G, 1, I64, 1, major, 2, G5
25, 0, 0, 1, 0, 0, 0, 1, 0, 0, 1, 0, 0, 1, G, 1, V, 5, major, 0, D5
26, 0, 0, 1, 0, 0, 0, 0, 1, 0, 0, 0, 1, 1, G, 1, I, 1, major, 0, G4
27, 0, 0, 1, 0, 0, 0, 0, 1, 0, 0, 0, 1, 1, G, 1, I64, 1, major, 2, G5
27, 0, 0, 1, 0, 0, 0, 1, 0, 0, 1, 0, 0, 1, G, 1, V, 5, major, 0, D5
28, 0, 0, 1, 0, 0, 0, 0, 1, 0, 0, 0, 1, 1, G, 1, I, 1, major, 0, G4
29, 0, 0, 1, 0, 0, 0, 0, 1, 0, 0, 0, 1, 1, G, 1, I64, 1, major, 2, G5
29, 0, 0, 1, 0, 0, 0, 1, 0, 0, 1, 0, 0, 1, G, 1, V, 5, major, 0, D5
30, 0, 0, 1, 0, 0, 0, 0, 1, 0, 0, 0, 1, 1, G, 1, I, 1, major, 0, G4
31, 1, 0, 1, 0, 0, 0, 1, 0, 0, 1, 0, 0, 1, G, 1, V7, 5, major, 0, D5
32, 0, 0, 1, 0, 0, 0, 0, 1, 0, 0, 0, 1, 1, G, 1, I, 1, major, 0, G4
33, 1, 0, 1, 0, 0, 0, 1, 0, 0, 1, 0, 0, 1, G, 1, V7, 5, major, 0, D5
34, 0, 0, 1, 0, 0, 0, 0, 1, 0, 0, 0, 1, 1, G, 1, I, 1, major, 0, G4
35, 1, 0, 1, 0, 0, 0, 1, 0, 0, 1, 0, 0, 1, G, 1, V7, 5, major, 0, D5
36, 0, 0, 1, 0, 0, 0, 0, 1, 0, 0, 0, 1, 1, G, 1, I, 1, major, 0, G4
37, 0, 0, 1, 0, 0, 0, 1, 0, 0, 1, 0, 0, 1, G, 1, V, 5, major, 0, D5
38, 0, 0, 1, 0, 0, 0, 0, 1, 0, 0, 0, 1, 1, G, 1, I, 1, major, 0, G4
39, 0, 0, 1, 0, 0, 0, 1, 0, 0, 1, 0, 0, 1, G, 1, V, 5, major, 0, D5
40, 0, 0, 1, 0, 0, 0, 1, 0, 0, 1, 0, 0, 1, G, 1, V, 5, major, 0, D5
41, 0, 0, 1, 0, 0, 0, 1, 0, 0, 1, 0, 0, 1, G, 1, V, 5, major, 0, D5
42, 0, 0, 1, 0, 0, 0, 1, 0, 0, 1, 0, 0, 1, G, 1, V, 5, major, 0, D5
43, 0, 0, 1, 0, 0, 0, 1, 0, 0, 1, 0, 0, 1, G, 1, V, 5, major, 0, D5
44, 0, 0, 1, 0, 0, 0, 1, 0, 0, 1, 0, 0, 1, G, 1, V, 5, major, 0, D5
45, 0, 0, 1, 0, 0, 0, 1, 0, 0, 1, 0, 0, 1, G, 1, V, 5, major, 0, D5
46, 0, 0, 1, 0, 0, 0, 0, 1, 0, 0, 0, 1, 1, G, 1, I, 1, major, 0, G4
47, 0, 0, 1, 0, 0, 0, 0, 1, 0, 0, 0, 1, 1, G, 1, I, 1, major, 0, G4
48, 0, 0, 1, 0, 0, 0, 0, 1, 0, 0, 0, 1, 1, G, 1, I, 1, major, 0, G4
49, 0, 0, 1, 0, 0, 0, 0, 1, 0, 0, 0, 1, 1, G, 1, I, 1, major, 0, G4
50, 0, 0, 1, 0, 0, 0, 0, 1, 0, 0, 0, 1, 1, G, 1, I, 1, major, 0, G4
51, 0, 0, 1, 0, 0, 0, 0, 1, 0, 0, 0, 1, 1, G, 1, I, 1, major, 0, G4
52, 0, 0, 1, 0, 0, 0, 0, 1, 0, 0, 0, 1, 1, G, 1, I, 1, major, 0, G4
53, 0, 0, 1, 0, 0, 0, 0, 1, 0, 0, 0, 1, 1, G, 1, I, 1, major, 0, G4
53, 0, 0, 0, 0, 1, 0, 0, 1, 0, 0, 0, 1, 1, B, 0, iv, 4, minor, 0, E5
54, 0, 1, 0, 0, 0, 0, 1, 0, 0, 0, 1, 0, 1, B, 0, V, 5, major, 0, F#5
55, 0, 0, 0, 0, 1, 0, 0, 1, 0, 0, 0, 1, 1, B, 0, iv6, 4, minor, 1, E6
55, 0, 0, 0, 0, 0, 1, 0, 1, 0, 0, 0, 1, 1, B, 0, It6, 4, other, 1, E#6
56, 0, 1, 0, 0, 0, 0, 1, 0, 0, 0, 1, 0, 1, B, 0, V, 5, major, 0, F#5
57, 0, 0, 0, 0, 1, 0, 0, 1, 0, 0, 0, 1, 1, B, 0, iv6, 4, minor, 1, E6
57, 0, 0, 0, 0, 1, 0, 0, 1, 0, 0, 0, 1, 1, B, 0, iv, 4, minor, 0, E5
58, 0, 1, 0, 0, 0, 0, 1, 0, 0, 0, 1, 0, 1, B, 0, V, 5, major, 0, F#5
59, 0, 0, 0, 0, 1, 0, 0, 1, 0, 0, 0, 1, 1, B, 0, iv6, 4, minor, 1, E6
59, 0, 0, 0, 0, 0, 1, 0, 1, 0, 0, 0, 1, 1, B, 0, It6, 4, other, 1, E#6
60, 0, 1, 0, 0, 0, 0, 1, 0, 0, 0, 1, 0, 1, B, 0, V, 5, major, 0, F#5
61, 0, 0, 0, 0, 1, 0, 0, 1, 0, 0, 0, 1, 1, B, 0, iv6, 4, minor, 1, E6
61, 0, 0, 0, 0, 0, 1, 0, 1, 0, 0, 0, 1, 1, B, 0, It6, 4, other, 1, E#6
62, 0, 1, 0, 0, 0, 0, 1, 0, 0, 0, 1, 0, 1, B, 0, V, 5, major, 0, F#5
63, 0, 0, 0, 0, 1, 0, 0, 1, 0, 0, 0, 1, 1, B, 0, iv6, 4, minor, 1, E6
63, 0, 0, 0, 0, 0, 1, 0, 1, 0, 0, 0, 1, 1, B, 0, It6, 4, other, 1, E#6
64, 0, 1, 0, 0, 0, 0, 1, 0, 0, 0, 1, 0, 1, B, 0, V, 5, major, 0, F#5
65, 0, 1, 0, 0, 0, 0, 1, 0, 0, 0, 1, 0, 1, B, 0, V, 5, major, 0, F#5
66, 0, 0, 0, 1, 0, 0, 1, 0, 0, 0, 0, 1, 1, B, 1, I, 1, major, 0, B4
67, 0, 0, 0, 1, 0, 0, 1, 0, 0, 0, 0, 1, 1, B, 1, I, 1, major, 0, B4
68, 0, 1, 0, 0, 1, 0, 1, 0, 0, 0, 1, 0, 1, B, 1, V7, 5, major, 0, F#5
69, 0, 1, 0, 0, 1, 0, 1, 0, 0, 0, 1, 0, 1, B, 1, V65, 5, major, 1, F#6
69, 0, 1, 0, 0, 1, 0, 1, 0, 0, 0, 1, 0, 1, B, 1, V7, 5, major, 0, F#5
70, 0, 0, 0, 1, 0, 0, 1, 0, 0, 0, 0, 1, 1, B, 1, I, 1, major, 0, B4
71, 0, 0, 0, 1, 0, 0, 1, 0, 0, 0, 0, 1, 1, B, 1, I, 1, major, 0, B4
72, 0, 1, 0, 0, 1, 0, 1, 0, 0, 0, 1, 0, 1, B, 1, V7, 5, major, 0, F#5
73, 0, 0, 0, 1, 0, 0, 1, 0, 0, 0, 0, 1, 1, B, 1, I, 1, major, 0, B4
73, 0, 0, 1, 0, 0, 0, 1, 0, 0, 0, 0, 1, 1, B, 0, i, 1, minor, 0, B4
74, 0, 0, 1, 0, 0, 0, 1, 0, 0, 0, 0, 1, 1, B, 0, i, 1, minor, 0, B4
75, 0, 0, 1, 0, 0, 0, 1, 0, 0, 0, 0, 1, 1, B, 0, i, 1, minor, 0, B4
76, 0, 1, 0, 0, 1, 0, 1, 0, 0, 0, 1, 0, 1, B, 0, V65, 5, major, 1, F#6
77, 0, 1, 0, 0, 1, 0, 1, 0, 0, 0, 1, 0, 1, B, 0, V65, 5, major, 1, F#6
78, 0, 0, 1, 0, 0, 0, 1, 0, 0, 0, 0, 1, 1, B, 0, i, 1, minor, 0, B4
78, 0, 0, 1, 0, 0, 1, 0, 0, 1, 0, 0, 1, 2, F#, 0, viio42/iii, 7, diminished, 3, E#5, D, 1, iii, 3, minor, 0, F#4
79, 0, 1, 0, 0, 1, 0, 0, 1, 0, 1, 0, 0, 1, D, 1, V65, 5, major, 1, A5
80, 0, 0, 1, 0, 0, 0, 1, 0, 0, 1, 0, 0, 1, D, 1, I, 1, major, 0, D4
80, 1, 0, 0, 1, 0, 0, 1, 0, 0, 1, 0, 0, 2, C#, 1, viio43/V, 7, diminished, 2, B#4, F#, 0, V, 5, major, 0, C#5
81, 0, 1, 0, 0, 0, 1, 0, 0, 1, 0, 0, 1, 1, F#, 0, V65, 5, major, 1, C#6
82, 0, 1, 0, 0, 0, 0, 1, 0, 0, 1, 0, 0, 1, F#, 0, i, 1, minor, 0, F#4
83, 0, 0, 0, 1, 0, 0, 1, 0, 0, 1, 0, 1, 2, E, 0, V7/iv, 5, major, 0, B4, B, 0, iv, 4, minor, 0, E5
83, 0, 0, 0, 0, 1, 0, 0, 1, 0, 0, 0, 1, 1, B, 0, iv6, 4, minor, 1, E6
84, 0, 1, 0, 0, 1, 0, 0, 0, 0, 1, 0, 0, 2, D, 1, Vi/III, 5, major, 0, A4, B, 0, III, 3, major, 0, D5
84, 0, 0, 1, 0, 0, 0, 1, 0, 0, 1, 0, 0, 1, B, 0, III6, 3, major, 1, D6
85, 0, 0, 1, 0, 0, 0, 1, 1, 0, 0, 0, 1, 1, B, 0, VI7, 6, major, 0, G5
85, 0, 1, 0, 0, 1, 0, 0, 1, 0, 0, 0, 0, 1, B, 0, iio6, 2, diminished, 1, C#6
86, 0, 1, 0, 0, 1, 0, 1, 0, 0, 0, 1, 0, 1, B, 0, V7, 5, major, 0, F#5
86, 0, 0, 1, 0, 0, 0, 0, 1, 0, 0, 0, 1, 1, B, 0, VI, 6, major, 0, G5
87, 0, 1, 0, 0, 1, 0, 0, 1, 0, 0, 0, 0, 1, B, 0, iio6, 2, diminished, 1, C#6
87, 0, 1, 0, 0, 0, 0, 1, 0, 0, 0, 1, 0, 1, B, 0, V, 5, major, 0, F#5
88, 0, 0, 1, 0, 0, 0, 1, 0, 0, 0, 0, 1, 1, B, 0, i, 1, minor, 0, B4
89, 0, 1, 0, 0, 1, 0, 0, 0, 0, 1, 0, 0, 1, D, 1, V, 5, major, 0, A4
90, 0, 0, 1, 0, 0, 0, 1, 0, 0, 1, 0, 0, 1, D, 1, I, 1, major, 0, D4
91, 0, 1, 0, 0, 0, 1, 0, 0, 1, 0, 0, 0, 2, F#, 0, V/iii, 5, major, 0, C#5, D, 1, iii, 3, minor, 0, F#4
92, 0, 1, 0, 0, 0, 0, 1, 0, 0, 0, 1, 0, 1, D, 1, III6, 3, major, 1, F#5
93, 0, 0, 0, 1, 0, 0, 1, 0, 0, 1, 0, 1, 2, E, 0, V65/ii, 5, major, 1, B5, D, 1, ii, 2, minor, 0, E4
93, 0, 0, 0, 0, 1, 0, 0, 1, 0, 0, 0, 1, 1, D, 1, ii, 2, minor, 0, E4
94, 0, 1, 0, 0, 1, 0, 0, 1, 0, 1, 0, 0, 1, D, 1, V65, 5, major, 1, A5
94, 0, 0, 1, 0, 0, 0, 1, 0, 0, 1, 0, 0, 1, D, 1, I, 1, major, 0, D4
95, 0, 0, 1, 0, 0, 0, 1, 1, 0, 0, 0, 1, 1, D, 1, IV65, 4, major, 1, G5
95, 0, 1, 0, 0, 1, 0, 0, 1, 0, 0, 0, 0, 1, B, 0, iio, 2, diminished, 0, C#5
96, 0, 1, 0, 0, 1, 0, 1, 0, 0, 0, 1, 0, 1, B, 0, V65, 5, major, 1, F#6
96, 0, 0, 1, 0, 0, 0, 1, 0, 0, 0, 0, 1, 1, B, 0, i, 1, minor, 0, B4
97, 0, 1, 0, 0, 1, 0, 0, 1, 0, 0, 0, 0, 1, B, 0, iio6, 2, diminished, 1, C#6
97, 0, 1, 0, 0, 1, 0, 1, 0, 0, 0, 1, 0, 1, B, 0, V7, 5, major, 0, F#5
98, 0, 0, 1, 0, 0, 0, 1, 0, 0, 0, 0, 1, 1, B, 0, i, 1, minor, 0, B4
99, 0, 1, 0, 0, 1, 0, 1, 0, 0, 0, 1, 0, 1, B, 0, V7, 5, major, 0, F#5
100, 0, 0, 1, 0, 0, 0, 1, 0, 0, 0, 0, 1, 1, B, 0, i, 1, minor, 0, B4
101, 0, 1, 0, 0, 1, 0, 1, 0, 0, 0, 1, 0, 1, B, 0, V7, 5, major, 0, F#5
102, 0, 0, 1, 0, 0, 0, 1, 0, 0, 0, 0, 1, 1, B, 0, i, 1, minor, 0, B4
103, 0, 1, 0, 0, 1, 0, 1, 0, 0, 0, 1, 0, 1, B, 0, V7, 5, major, 0, F#5
104, 0, 0, 1, 0, 0, 0, 1, 0, 0, 0, 0, 1, 1, B, 0, i, 1, minor, 0, B4
104, 0, 1, 0, 0, 1, 0, 1, 0, 0, 0, 1, 0, 1, B, 0, V7, 5, major, 0, F#5
105, 0, 0, 1, 0, 0, 0, 1, 0, 0, 0, 0, 1, 1, B, 0, i, 1, minor, 0, B4
105, 0, 1, 0, 0, 1, 0, 1, 0, 0, 0, 1, 0, 1, B, 0, V7, 5, major, 0, F#5
106, 0, 0, 1, 0, 0, 0, 1, 0, 0, 0, 0, 1, 1, B, 0, i, 1, minor, 0, B4
106, 0, 1, 0, 0, 1, 0, 1, 0, 0, 0, 1, 0, 1, B, 0, V7, 5, major, 0, F#5
107, 0, 0, 1, 0, 0, 0, 1, 0, 0, 0, 0, 1, 1, B, 0, i, 1, minor, 0, B4
107, 0, 1, 0, 0, 1, 0, 1, 0, 0, 0, 1, 0, 1, B, 0, V7, 5, major, 0, F#5
108, 0, 0, 1, 0, 0, 0, 1, 0, 0, 0, 0, 1, 1, B, 0, i, 1, minor, 0, B4
109, 0, 0, 1, 0, 0, 0, 1, 0, 0, 0, 0, 1, 1, B, 0, i, 1, minor, 0, B4
110, 0, 0, 1, 0, 0, 0, 1, 0, 0, 0, 0, 1, 1, B, 0, i, 1, minor, 0, B4
111, 0, 0, 1, 0, 0, 0, 1, 0, 0, 0, 0, 1, 1, B, 0, i, 1, minor, 0, B4
112, 0, 0, 1, 0, 0, 0, 0, 1, 0, 0, 0, 1, 1, G, 1, I, 1, major, 0, G4
113, 0, 0, 1, 0, 0, 0, 0, 1, 0, 0, 0, 1, 1, G, 1, I, 1, major, 0, G4
114, 0, 0, 1, 0, 0, 0, 0, 1, 0, 0, 0, 1, 1, G, 1, I, 1, major, 0, G4
115, 0, 0, 1, 0, 0, 0, 0, 1, 0, 0, 0, 1, 1, G, 1, I, 1, major, 0, G4
116, 0, 0, 1, 0, 0, 0, 0, 1, 0, 0, 0, 1, 1, G, 1, I, 1, major, 0, G4
117, 0, 0, 1, 0, 0, 0, 0, 1, 0, 0, 0, 1, 1, G, 1, I, 1, major, 0, G4
118, 0, 0, 1, 0, 0, 0, 0, 1, 0, 0, 0, 1, 1, G, 1, I, 1, major, 0, G4
119, 0, 0, 1, 0, 0, 1, 0, 1, 0, 0, 0, 1, 1, C, 0, V42, 5, major, 3, G4
120, 1, 0, 0, 1, 0, 0, 0, 1, 0, 0, 0, 0, 1, C, 0, i6, 1, minor, 1, C5
121, 0, 0, 1, 0, 0, 1, 0, 1, 0, 0, 0, 1, 1, C, 0, V43, 5, major, 2, G4
122, 1, 0, 0, 1, 0, 0, 0, 1, 0, 0, 0, 0, 1, C, 0, i, 1, minor, 0, C4
123, 1, 0, 0, 1, 0, 0, 0, 1, 0, 0, 0, 0, 1, C, 0, i, 1, minor, 0, C4
124, 1, 0, 0, 1, 0, 0, 0, 1, 0, 0, 0, 0, 1, C, 0, i, 1, minor, 0, C4
125, 1, 0, 0, 1, 0, 0, 0, 1, 0, 0, 0, 0, 1, C, 0, i, 1, minor, 0, C4
126, 1, 0, 0, 1, 0, 0, 0, 1, 0, 0, 0, 0, 1, C, 0, i, 1, minor, 0, C4
127, 1, 0, 0, 0, 1, 0, 0, 1, 0, 0, 1, 0, 1, F, 1, V42, 5, major, 3, C5
128, 1, 0, 0, 0, 0, 1, 0, 0, 0, 1, 0, 0, 1, F, 1, I6, 1, major, 1, F5
129, 1, 0, 0, 0, 1, 0, 0, 1, 0, 0, 1, 0, 1, F, 1, V43, 5, major, 2, C5
130, 1, 0, 0, 0, 0, 1, 0, 0, 0, 1, 0, 0, 1, F, 1, I, 1, major, 0, F4
131, 1, 0, 0, 1, 0, 1, 0, 0, 0, 1, 0, 0, 1, Bb, 1, V42, 5, major, 3, F5
132, 0, 0, 1, 0, 0, 1, 0, 0, 0, 0, 1, 0, 1, Bb, 1, I6, 1, major, 1, Bb5
133, 1, 0, 0, 1, 0, 1, 0, 0, 0, 1, 0, 0, 1, Bb, 1, V43, 5, major, 2, F5
134, 0, 0, 1, 0, 0, 1, 0, 0, 0, 0, 1, 0, 1, Bb, 1, I, 1, major, 0, Bb4
135, 1, 0, 0, 1, 0, 1, 0, 0, 0, 1, 0, 0, 1, Bb, 1, V7, 5, major, 0, F5
136, 0, 0, 1, 0, 0, 1, 0, 0, 0, 0, 1, 0, 1, Bb, 1, I, 1, major, 0, Bb4
137, 1, 0, 0, 1, 0, 1, 0, 0, 0, 1, 0, 0, 1, Bb, 1, V7, 5, major, 0, F5
138, 0, 0, 1, 0, 0, 1, 0, 0, 0, 0, 1, 0, 1, Bb, 1, I, 1, major, 0, Bb4
139, 1, 0, 0, 0, 0, 1, 0, 0, 1, 0, 0, 0, 1, C, 0, iv, 4, minor, 0, F4
140, 0, 0, 1, 0, 0, 1, 0, 1, 0, 0, 0, 1, 1, C, 0, V65, 5, major, 1, G5
141, 0, 0, 1, 0, 0, 1, 0, 1, 0, 0, 0, 1, 1, C, 0, V65, 5, major, 1, G5
142, 1, 0, 0, 1, 0, 0, 0, 1, 0, 0, 0, 0, 1, C, 0, i, 1, minor, 0, C4
143, 0, 0, 1, 0, 0, 1, 0, 1, 0, 0, 0, 1, 1, C, 0, V7, 5, major, 0, G4
144, 1, 0, 0, 1, 0, 0, 0, 1, 0, 0, 0, 0, 1, C, 0, i, 1, minor, 0, C4
145, 0, 0, 1, 0, 0, 1, 0, 1, 0, 0, 0, 1, 1, C, 0, V7, 5, major, 0, G4
146, 1, 0, 0, 1, 0, 0, 0, 1, 0, 0, 0, 0, 1, C, 0, i, 1, minor, 0, C4
147, 0, 0, 1, 0, 0, 0, 0, 1, 0, 0, 1, 0, 1, D, 0, iv, 4, minor, 0, G4
148, 0, 1, 0, 0, 1, 0, 0, 1, 0, 1, 0, 0, 1, D, 0, V65, 5, major, 1, A5
149, 0, 1, 0, 0, 1, 0, 0, 1, 0, 1, 0, 0, 1, D, 0, V65, 5, major, 1, A5
150, 0, 0, 1, 0, 0, 1, 0, 0, 0, 1, 0, 0, 1, D, 0, i, 1, minor, 0, D4
151, 0, 1, 0, 0, 1, 0, 0, 1, 0, 1, 0, 0, 1, D, 0, V7, 5, major, 0, A4
152, 0, 0, 1, 0, 0, 1, 0, 0, 0, 1, 0, 0, 1, D, 0, i, 1, minor, 0, D4
153, 0, 1, 0, 0, 1, 0, 0, 1, 0, 1, 0, 0, 1, D, 0, V7, 5, major, 0, A4
154, 1, 0, 1, 0, 0, 0, 1, 0, 0, 1, 0, 0, 1, G, 0, V65, 5, major, 1, D6
155, 1, 0, 1, 0, 0, 0, 1, 0, 0, 1, 0, 0, 1, G, 0, V65, 5, major, 1, D6
156, 0, 0, 1, 0, 0, 0, 0, 1, 0, 0, 1, 0, 1, G, 0, i, 1, minor, 0, G4
157, 0, 1, 0, 0, 1, 0, 0, 1, 0, 1, 0, 0, 2, D, 1, V65/V, 5, major, 1, A5, G, 0, V, 5, major, 0, D5
158, 0, 0, 1, 0, 0, 0, 1, 0, 0, 1, 0, 0, 1, G, 0, V, 5, major, 0, D5
158, 0, 1, 0, 1, 0, 0, 0, 1, 0, 0, 1, 0, 1, G, 0, Ger65, 4, other, 1, C#6
159, 0, 0, 1, 0, 0, 0, 1, 0, 0, 1, 0, 0, 1, G, 0, V, 5, major, 0, D5
159, 0, 1, 0, 1, 0, 0, 0, 1, 0, 0, 1, 0, 1, G, 0, Ger65, 4, other, 1, C#6
160, 0, 0, 1, 0, 0, 0, 1, 0, 0, 1, 0, 0, 1, G, 0, V, 5, major, 0, D5
160, 0, 1, 0, 1, 0, 0, 0, 1, 0, 0, 1, 0, 1, G, 0, Ger65, 4, other, 1, C#6
161, 0, 0, 1, 0, 0, 0, 1, 0, 0, 1, 0, 0, 1, G, 0, V, 5, major, 0, D5
161, 0, 1, 0, 1, 0, 0, 0, 1, 0, 0, 1, 0, 1, G, 0, Ger65, 4, other, 1, C#6
162, 0, 0, 1, 0, 0, 0, 1, 0, 0, 1, 0, 0, 1, G, 0, V, 5, major, 0, D5
163, 0, 0, 1, 0, 0, 0, 1, 0, 0, 1, 0, 0, 1, G, 0, V, 5, major, 0, D5
164, 0, 0, 1, 0, 0, 0, 1, 0, 0, 1, 0, 0, 1, G, 0, V, 5, major, 0, D5
165, 0, 0, 1, 0, 0, 0, 1, 0, 0, 1, 0, 0, 1, G, 0, V, 5, major, 0, D5
166, 1, 0, 1, 0, 0, 0, 1, 0, 0, 1, 0, 0, 1, G, 0, V7, 5, major, 0, D5
167, 1, 0, 1, 0, 0, 0, 1, 0, 0, 1, 0, 0, 1, G, 0, V7, 5, major, 0, D5
168, 1, 0, 1, 0, 0, 0, 1, 0, 0, 1, 0, 0, 1, G, 0, V7, 5, major, 0, D5
169, 1, 0, 1, 0, 0, 0, 1, 0, 0, 1, 0, 0, 1, G, 0, V7, 5, major, 0, D5
170, 1, 0, 1, 0, 0, 0, 1, 0, 0, 1, 0, 0, 1, G, 0, V7, 5, major, 0, D5
171, 1, 0, 1, 0, 0, 0, 1, 0, 0, 1, 0, 0, 1, G, 0, V7, 5, major, 0, D5
172, 1, 0, 1, 0, 0, 0, 1, 0, 0, 1, 0, 0, 1, G, 0, V7, 5, major, 0, D5
173, 1, 0, 1, 0, 0, 0, 1, 0, 0, 1, 0, 0, 1, G, 0, V7, 5, major, 0, D5
174, 1, 0, 1, 0, 0, 0, 1, 0, 0, 1, 0, 0, 1, G, 0, V7, 5, major, 0, D5
175, 1, 0, 1, 0, 0, 0, 1, 0, 0, 1, 0, 0, 1, G, 0, V7, 5, major, 0, D5
176, 1, 0, 1, 0, 0, 0, 1, 0, 0, 1, 0, 0, 1, G, 0, V7, 5, major, 0, D5
177, 1, 0, 1, 0, 0, 0, 1, 0, 0, 1, 0, 0, 1, G, 0, V7, 5, major, 0, D5
178, 1, 0, 1, 0, 0, 0, 1, 0, 0, 1, 0, 0, 1, G, 0, V7, 5, major, 0, D5
179, 1, 0, 1, 0, 0, 0, 1, 0, 0, 1, 0, 0, 1, G, 0, V7, 5, major, 0, D5
180, 1, 0, 1, 0, 0, 0, 1, 0, 0, 1, 0, 0, 1, G, 0, V7, 5, major, 0, D5
181, 1, 0, 1, 0, 0, 0, 1, 0, 0, 1, 0, 0, 1, G, 0, V7, 5, major, 0, D5
182, 1, 0, 0, 1, 0, 0, 1, 0, 0, 1, 0, 0, 1, G, 0, viio7, 7, diminished, 0, F#5
183, 1, 0, 1, 0, 0, 0, 1, 0, 0, 1, 0, 0, 1, G, 0, V7, 5, major, 0, D5
184, 1, 0, 0, 1, 0, 0, 1, 0, 0, 1, 0, 0, 1, G, 0, viio7, 7, diminished, 0, F#5
185, 1, 0, 1, 0, 0, 0, 1, 0, 0, 1, 0, 0, 1, G, 0, V7, 5, major, 0, D5
186, 1, 0, 0, 1, 0, 0, 1, 0, 0, 1, 0, 0, 1, G, 0, viio7, 7, diminished, 0, F#5
187, 1, 0, 1, 0, 0, 0, 1, 0, 0, 1, 0, 0, 1, G, 0, V7, 5, major, 0, D5
188, 1, 0, 1, 0, 0, 0, 1, 0, 0, 1, 0, 0, 1, G, 0, V7, 5, major, 0, D5
189, 1, 0, 1, 0, 0, 0, 1, 0, 0, 1, 0, 0, 1, G, 0, V7, 5, major, 0, D5
190, 1, 0, 0, 1, 0, 0, 1, 0, 0, 1, 0, 0, 1, G, 0, viio42, 7, diminished, 3, F#5
191, 1, 0, 0, 1, 0, 0, 1, 0, 0, 1, 0, 0, 1, G, 0, viio42, 7, diminished, 3, F#5
192, 1, 0, 1, 0, 0, 0, 1, 0, 0, 1, 0, 0, 1, G, 0, V7, 5, major, 0, D5
193, 1, 0, 1, 0, 0, 0, 1, 0, 0, 1, 0, 0, 1, G, 0, V7, 5, major, 0, D5
194, 1, 0, 1, 0, 0, 0, 1, 0, 0, 1, 0, 0, 1, G, 0, V7, 5, major, 0, D5
195, 1, 0, 1, 0, 0, 0, 1, 0, 0, 1, 0, 0, 1, G, 0, V7, 5, major, 0, D5
196, 1, 0, 1, 0, 0, 0, 1, 0, 0, 1, 0, 0, 1, G, 0, V7, 5, major, 0, D5
197, 1, 0, 1, 0, 0, 0, 1, 0, 0, 1, 0, 0, 1, G, 0, V7, 5, major, 0, D5
198, 1, 0, 1, 0, 0, 0, 1, 0, 0, 1, 0, 0, 1, G, 0, V7, 5, major, 0, D5
199, 1, 0, 1, 0, 0, 0, 1, 0, 0, 1, 0, 0, 1, G, 0, V7, 5, major, 0, D5
200, 1, 0, 1, 0, 0, 0, 1, 0, 0, 1, 0, 0, 1, G, 0, V7, 5, major, 0, D5
201, 1, 0, 1, 0, 0, 0, 1, 0, 0, 1, 0, 0, 1, G, 0, V7, 5, major, 0, D5
202, 1, 0, 1, 0, 0, 0, 1, 0, 0, 1, 0, 0, 1, G, 0, V7, 5, major, 0, D5
203, 1, 0, 1, 0, 0, 0, 1, 0, 0, 1, 0, 0, 1, G, 0, V7, 5, major, 0, D5
204, 1, 0, 1, 0, 0, 0, 1, 0, 0, 1, 0, 0, 1, G, 0, V7, 5, major, 0, D5
205, 1, 0, 0, 0, 1, 0, 0, 0, 0, 1, 0, 0, 1, G, 1, ii6, 2, minor, 1, A5
205, 1, 0, 0, 0, 1, 0, 0, 0, 0, 1, 0, 0, 1, G, 1, ii, 2, minor, 0, A4
206, 0, 0, 1, 0, 0, 0, 0, 1, 0, 0, 0, 1, 1, G, 1, I64, 1, major, 2, G5
207, 0, 0, 1, 0, 0, 0, 0, 1, 0, 0, 0, 1, 1, G, 1, I64, 1, major, 2, G5
207, 0, 0, 1, 0, 0, 0, 1, 0, 0, 1, 0, 0, 1, G, 1, V, 5, major, 0, D5
208, 0, 0, 1, 0, 0, 0, 0, 1, 0, 0, 0, 1, 1, G, 1, I, 1, major, 0, G4
209, 1, 0, 0, 0, 1, 0, 0, 0, 0, 1, 0, 0, 1, G, 1, ii6, 2, minor, 1, A5
209, 1, 0, 0, 0, 1, 0, 0, 0, 0, 1, 0, 0, 1, G, 1, ii, 2, minor, 0, A4
210, 0, 0, 0, 1, 0, 0, 1, 0, 0, 0, 0, 1, 1, E, 1, V, 5, major, 0, B4
211, 1, 0, 0, 0, 1, 0, 0, 0, 0, 1, 0, 0, 1, E, 1, iv6, 4, minor, 1, A5
211, 1, 0, 0, 0, 1, 0, 0, 0, 0, 0, 1, 0, 1, E, 1, It6, 4, other, 1, A#5
212, 0, 0, 0, 1, 0, 0, 1, 0, 0, 0, 0, 1, 1, E, 1, V, 5, major, 0, B4
213, 1, 0, 0, 0, 1, 0, 0, 0, 0, 1, 0, 0, 1, E, 1, iv6, 4, minor, 1, A5
213, 1, 0, 0, 0, 1, 0, 0, 0, 0, 0, 1, 0, 1, E, 1, It6, 4, other, 1, A#5
214, 0, 0, 0, 1, 0, 0, 1, 0, 0, 0, 0, 1, 1, E, 1, V, 5, major, 0, B4
215, 1, 0, 0, 0, 1, 0, 0, 0, 0, 1, 0, 0, 1, E, 1, iv6, 4, minor, 1, A5
215, 1, 0, 0, 0, 1, 0, 0, 0, 0, 0, 1, 0, 1, E, 1, It6, 4, other, 1, A#5
216, 0, 0, 0, 1, 0, 0, 1, 0, 0, 0, 0, 1, 1, E, 1, V, 5, major, 0, B4
217, 0, 0, 0, 1, 0, 0, 1, 0, 0, 0, 0, 1, 1, E, 1, V, 5, major, 0, B4
218, 0, 0, 0, 0, 1, 0, 0, 0, 1, 0, 0, 1, 1, E, 1, I, 1, major, 0, E4
219, 0, 0, 0, 0, 1, 0, 0, 0, 1, 0, 0, 1, 1, E, 1, I, 1, major, 0, E4
220, 0, 0, 0, 1, 0, 0, 1, 0, 0, 1, 0, 1, 1, E, 1, V7, 5, major, 0, B4
221, 0, 0, 0, 1, 0, 0, 1, 0, 0, 1, 0, 1, 1, E, 1, V7, 5, major, 0, B4
222, 0, 0, 0, 0, 1, 0, 0, 0, 1, 0, 0, 1, 1, E, 1, I, 1, major, 0, E4
223, 0, 0, 0, 0, 1, 0, 0, 0, 1, 0, 0, 1, 1, E, 1, I, 1, major, 0, E4
224, 0, 0, 0, 1, 0, 0, 1, 0, 0, 1, 0, 1, 1, E, 1, V7, 5, major, 0, B4
225, 0, 0, 0, 0, 1, 0, 0, 0, 1, 0, 0, 1, 1, E, 1, I, 1, major, 0, E4
225, 0, 0, 0, 0, 1, 0, 0, 1, 0, 0, 0, 1, 1, E, 0, i, 1, minor, 0, E4
226, 0, 0, 0, 0, 1, 0, 0, 1, 0, 0, 0, 1, 1, E, 0, i, 1, minor, 0, E4
227, 0, 0, 0, 0, 1, 0, 0, 1, 0, 0, 0, 1, 1, E, 0, i, 1, minor, 0, E4
228, 0, 0, 0, 1, 0, 0, 1, 0, 0, 1, 0, 1, 1, E, 0, V65, 5, major, 1, B5
229, 0, 0, 0, 1, 0, 0, 1, 0, 0, 1, 0, 1, 1, E, 0, V65, 5, major, 1, B5
230, 0, 0, 0, 0, 1, 0, 0, 1, 0, 0, 0, 1, 1, E, 0, i, 1, minor, 0, E4
231, 0, 0, 0, 0, 1, 0, 0, 1, 0, 0, 0, 1, 1, E, 0, i, 1, minor, 0, E4
231, 0, 1, 0, 0, 1, 0, 0, 1, 0, 0, 1, 0, 2, D, 1, viio43/V, 7, diminished, 2, C#5, G, 1, V, 5, major, 0, D5
232, 1, 0, 1, 0, 0, 0, 1, 0, 0, 1, 0, 0, 1, G, 1, V65, 5, major, 1, D6
233, 1, 0, 1, 0, 0, 0, 1, 0, 0, 1, 0, 0, 1, G, 1, V42, 5, major, 3, D5
234, 0, 0, 1, 0, 0, 0, 0, 1, 0, 0, 0, 1, 1, G, 1, I, 1, major, 0, G4
235, 0, 0, 1, 0, 0, 0, 0, 1, 0, 0, 0, 1, 1, G, 1, I, 1, major, 0, G4
236, 1, 0, 1, 0, 0, 0, 1, 0, 0, 1, 0, 0, 1, G, 1, V7, 5, major, 0, D5
237, 1, 0, 1, 0, 0, 0, 1, 0, 0, 1, 0, 0, 1, G, 1, V65, 5, major, 1, D6
237, 1, 0, 1, 0, 0, 0, 1, 0, 0, 1, 0, 0, 1, G, 1, V7, 5, major, 0, D5
238, 0, 0, 1, 0, 0, 0, 0, 1, 0, 0, 0, 1, 1, G, 1, I, 1, major, 0, G4
239, 0, 0, 1, 0, 0, 0, 0, 1, 0, 0, 0, 1, 1, G, 1, I, 1, major, 0, G4
240, 1, 0, 1, 0, 0, 0, 1, 0, 0, 1, 0, 0, 1, G, 1, V7, 5, major, 0, D5
241, 0, 0, 1, 0, 0, 0, 0, 1, 0, 0, 0, 1, 1, G, 1, I, 1, major, 0, G4
242, 0, 0, 1, 0, 0, 0, 0, 1, 0, 0, 0, 1, 1, G, 1, I, 1, major, 0, G4
243, 0, 0, 1, 0, 0, 0, 0, 1, 0, 0, 0, 1, 1, G, 1, I, 1, major, 0, G4
244, 1, 0, 1, 0, 0, 0, 1, 0, 0, 1, 0, 0, 1, G, 1, V65, 5, major, 1, D6
245, 1, 0, 1, 0, 0, 0, 1, 0, 0, 1, 0, 0, 1, G, 1, V65, 5, major, 1, D6
246, 0, 0, 1, 0, 0, 0, 0, 1, 0, 0, 0, 1, 1, G, 1, I, 1, major, 0, G4
246, 0, 0, 1, 0, 0, 1, 0, 0, 1, 0, 0, 1, 2, F#, 1, viio43/V, 7, diminished, 2, E#5, B, 0, V, 5, major, 0, F#5
247, 0, 1, 0, 0, 1, 0, 1, 0, 0, 0, 1, 0, 1, B, 0, V65, 5, major, 1, F#6
248, 0, 0, 1, 0, 0, 0, 1, 0, 0, 0, 0, 1, 1, B, 0, i, 1, minor, 0, B4
248, 0, 0, 1, 0, 0, 1, 0, 0, 1, 0, 0, 1, 2, A, 1, viio43/V, 7, diminished, 2, G#5, D, 0, V, 5, major, 0, A4
249, 0, 1, 0, 0, 1, 0, 0, 1, 0, 1, 0, 0, 1, D, 0, V65, 5, major, 1, A5
250, 0, 0, 1, 0, 0, 1, 0, 0, 0, 1, 0, 0, 1, D, 0, i, 1, minor, 0, D4
251, 0, 0, 1, 0, 0, 1, 0, 1, 0, 0, 0, 1, 2, C, 1, V7/IV, 5, major, 0, G4, G, 1, IV, 4, major, 0, C5
251, 1, 0, 0, 0, 1, 0, 0, 1, 0, 0, 0, 0, 1, G, 1, IV6, 4, major, 1, C6
252, 0, 1, 0, 0, 1, 0, 1, 0, 0, 0, 1, 0, 2, B, 0, V7/iii, 5, major, 0, F#5, G, 1, iii, 3, minor, 0, B4
252, 0, 0, 1, 0, 0, 0, 1, 0, 0, 0, 0, 1, 1, G, 1, iii6, 3, minor, 1, B5
253, 0, 1, 0, 0, 1, 0, 1, 0, 0, 0, 1, 0, 2, B, 0, V7/iii, 5, major, 0, F#5, G, 1, iii, 3, minor, 0, B4
253, 1, 0, 0, 0, 1, 0, 0, 0, 0, 1, 0, 0, 1, G, 1, ii6, 2, minor, 1, A5
254, 1, 0, 1, 0, 0, 0, 1, 0, 0, 1, 0, 0, 1, G, 1, V7, 5, major, 0, D5
254, 0, 0, 0, 0, 1, 0, 0, 1, 0, 0, 0, 1, 1, G, 1, vi, 6, minor, 0, E5
255, 1, 0, 0, 0, 1, 0, 0, 0, 0, 1, 0, 0, 1, G, 1, ii6, 2, minor, 1, A5
255, 0, 0, 1, 0, 0, 0, 1, 0, 0, 1, 0, 0, 1, G, 1, V, 5, major, 0, D5
256, 0, 0, 1, 0, 0, 0, 0, 1, 0, 0, 0, 1, 1, G, 1, I, 1, major, 0, G4
257, 0, 1, 0, 0, 0, 0, 1, 0, 0, 0, 1, 0, 1, B, 0, V, 5, major, 0, F#5
258, 0, 0, 1, 0, 0, 0, 1, 0, 0, 0, 0, 1, 1, B, 0, i, 1, minor, 0, B4
259, 0, 1, 0, 0, 1, 0, 0, 0, 0, 1, 0, 0, 1, D, 0, V, 5, major, 0, A4
260, 0, 0, 1, 0, 0, 1, 0, 0, 0, 1, 0, 0, 1, D, 0, i, 1, minor, 0, D4
261, 0, 0, 1, 0, 0, 1, 0, 1, 0, 0, 0, 1, 2, C, 1, V65/IV, 5, major, 1, G5, G, 1, IV, 4, major, 0, C5
261, 1, 0, 0, 0, 1, 0, 0, 1, 0, 0, 0, 0, 1, G, 1, IV, 4, major, 0, C5
262, 0, 1, 0, 0, 1, 0, 1, 0, 0, 0, 1, 0, 2, B, 0, V65/iii, 5, major, 1, F#6, G, 1, iii, 3, minor, 0, B4
262, 0, 0, 1, 0, 0, 0, 1, 0, 0, 0, 0, 1, 1, G, 1, iii6, 3, minor, 1, B5
263, 0, 0, 1, 0, 1, 0, 0, 0, 1, 0, 0, 1, 2, A, 0, V65/ii, 5, major, 1, E6, G, 1, ii, 2, minor, 0, A4
263, 1, 0, 0, 0, 1, 0, 0, 0, 0, 1, 0, 0, 1, G, 1, ii, 2, minor, 0, A4
264, 1, 0, 1, 0, 0, 0, 1, 0, 0, 1, 0, 0, 1, G, 1, V65, 5, major, 1, D6
264, 0, 0, 1, 0, 0, 0, 0, 1, 0, 0, 0, 1, 1, G, 1, I, 1, major, 0, G4
265, 1, 0, 0, 0, 1, 0, 0, 0, 0, 1, 0, 0, 1, G, 1, ii6, 2, minor, 1, A5
265, 1, 0, 1, 0, 0, 0, 1, 0, 0, 1, 0, 0, 1, G, 1, V7, 5, major, 0, D5
266, 0, 0, 1, 0, 0, 0, 0, 1, 0, 0, 0, 1, 1, G, 1, I, 1, major, 0, G4
267, 1, 0, 1, 0, 0, 0, 1, 0, 0, 1, 0, 0, 1, G, 1, V7, 5, major, 0, D5
268, 0, 0, 1, 0, 0, 0, 0, 1, 0, 0, 1, 0, 1, G, 1, i, 1, minor, 0, G4
269, 1, 0, 1, 0, 0, 0, 1, 0, 0, 1, 0, 0, 1, G, 1, V7, 5, major, 0, D5
270, 0, 0, 1, 0, 0, 0, 0, 1, 0, 0, 0, 1, 1, G, 1, I, 1, major, 0, G4
271, 1, 0, 1, 0, 0, 0, 1, 0, 0, 1, 0, 0, 1, G, 1, V7, 5, major, 0, D5
272, 0, 0, 1, 0, 0, 0, 0, 1, 0, 0, 0, 1, 1, G, 1, I, 1, major, 0, G4
272, 1, 0, 1, 0, 0, 0, 1, 0, 0, 1, 0, 0, 1, G, 1, V7, 5, major, 0, D5
273, 0, 0, 1, 0, 0, 0, 0, 1, 0, 0, 0, 1, 1, G, 1, I, 1, major, 0, G4
273, 1, 0, 1, 0, 0, 0, 1, 0, 0, 1, 0, 0, 1, G, 1, V7, 5, major, 0, D5
274, 0, 0, 1, 0, 0, 0, 0, 1, 0, 0, 0, 1, 1, G, 1, I, 1, major, 0, G4
274, 1, 0, 1, 0, 0, 0, 1, 0, 0, 1, 0, 0, 1, G, 1, V7, 5, major, 0, D5
275, 0, 0, 1, 0, 0, 0, 0, 1, 0, 0, 0, 1, 1, G, 1, I, 1, major, 0, G4
275, 1, 0, 1, 0, 0, 0, 1, 0, 0, 1, 0, 0, 1, G, 1, V7, 5, major, 0, D5
276, 0, 0, 1, 0, 0, 0, 0, 1, 0, 0, 0, 1, 1, G, 1, I, 1, major, 0, G4
277, 0, 0, 1, 0, 0, 0, 0, 1, 0, 0, 0, 1, 1, G, 1, I, 1, major, 0, G4
278, 0, 0, 1, 0, 0, 0, 0, 1, 0, 0, 0, 1, 1, G, 1, I, 1, major, 0, G4
279, 0, 0, 1, 0, 0, 0, 0, 1, 0, 0, 0, 1, 1, G, 1, I, 1, major, 0, G4
280, 0, 0, 1, 0, 0, 0, 0, 1, 0, 0, 0, 1, 1, G, 1, I, 1, major, 0, G4
281, 1, 0, 1, 0, 0, 0, 1, 0, 0, 1, 0, 0, 1, G, 1, V7, 5, major, 0, D5
282, 0, 0, 1, 0, 0, 0, 0, 1, 0, 0, 0, 1, 1, G, 1, I, 1, major, 0, G4
283, 1, 0, 1, 0, 0, 0, 1, 0, 0, 1, 0, 0, 1, G, 1, V7, 5, major, 0, D5
284, 0, 0, 1, 0, 0, 0, 0, 1, 0, 0, 0, 1, 1, G, 1, I, 1, major, 0, G4
285, 1, 0, 1, 0, 0, 0, 1, 0, 0, 1, 0, 0, 1, G, 1, V7, 5, major, 0, D5
286, 0, 0, 1, 0, 0, 0, 0, 1, 0, 0, 0, 1, 1, G, 1, I, 1, major, 0, G4
287, 0, 0, 1, 0, 0, 0, 1, 0, 0, 1, 0, 0, 1, G, 1, V, 5, major, 0, D5
288, 0, 0, 1, 0, 0, 0, 0, 1, 0, 0, 0, 1, 1, G, 1, I, 1, major, 0, G4
289, 0, 0, 1, 0, 0, 0, 1, 0, 0, 1, 0, 0, 1, G, 1, V, 5, major, 0, D5
290, 0, 0, 1, 0, 0, 0, 1, 0, 0, 1, 0, 0, 1, G, 1, V, 5, major, 0, D5
291, 0, 0, 1, 0, 0, 0, 1, 0, 0, 1, 0, 0, 1, G, 1, V, 5, major, 0, D5
292, 0, 0, 1, 0, 0, 0, 1, 0, 0, 1, 0, 0, 1, G, 1, V, 5, major, 0, D5
293, 0, 0, 1, 0, 0, 0, 1, 0, 0, 1, 0, 0, 1, G, 1, V, 5, major, 0, D5
294, 0, 0, 1, 0, 0, 0, 1, 0, 0, 1, 0, 0, 1, G, 1, V, 5, major, 0, D5
295, 0, 0, 1, 0, 0, 0, 1, 0, 0, 1, 0, 0, 1, G, 1, V, 5, major, 0, D5
296, 1, 0, 1, 0, 0, 0, 1, 0, 0, 1, 0, 0, 1, G, 1, V7, 5, major, 0, D5
297, 1, 0, 1, 0, 0, 0, 1, 0, 0, 1, 0, 0, 1, G, 1, V7, 5, major, 0, D5
298, 1, 0, 1, 0, 0, 0, 1, 0, 0, 1, 0, 0, 1, G, 1, V7, 5, major, 0, D5
299, 1, 0, 1, 0, 0, 0, 1, 0, 0, 1, 0, 0, 1, G, 1, V7, 5, major, 0, D5
300, 1, 0, 1, 0, 0, 0, 1, 0, 0, 1, 0, 0, 1, G, 1, V7, 5, major, 0, D5
301, 1, 0, 1, 0, 0, 0, 1, 0, 0, 1, 0, 0, 1, G, 1, V7, 5, major, 0, D5
302, 0, 0, 1, 0, 0, 0, 0, 1, 0, 0, 0, 1, 1, G, 1, I, 1, major, 0, G4
303, 0, 0, 1, 0, 0, 0, 0, 1, 0, 0, 0, 1, 1, G, 1, I, 1, major, 0, G4
304, 1, 0, 1, 0, 0, 0, 1, 0, 0, 1, 0, 0, 1, G, 1, V7, 5, major, 0, D5
305, 1, 0, 1, 0, 0, 0, 1, 0, 0, 1, 0, 0, 1, G, 1, V7, 5, major, 0, D5
306, 0, 0, 1, 0, 0, 0, 0, 1, 0, 0, 0, 1, 1, G, 1, I, 1, major, 0, G4
307, 0, 0, 1, 0, 0, 0, 0, 1, 0, 0, 0, 1, 1, G, 1, I, 1, major, 0, G4
308, 1, 0, 1, 0, 0, 0, 1, 0, 0, 1, 0, 0, 1, G, 1, V7, 5, major, 0, D5
309, 1, 0, 1, 0, 0, 0, 1, 0, 0, 1, 0, 0, 1, G, 1, V7, 5, major, 0, D5
310, 0, 0, 1, 0, 0, 0, 0, 1, 0, 0, 0, 1, 1, G, 1, I, 1, major, 0, G4
311, 0, 0, 1, 0, 0, 0, 0, 1, 0, 0, 0, 1, 1, G, 1, I, 1, major, 0, G4
312, 1, 0, 1, 0, 0, 0, 1, 0, 0, 1, 0, 0, 1, G, 1, V7, 5, major, 0, D5
313, 1, 0, 1, 0, 0, 0, 1, 0, 0, 1, 0, 0, 1, G, 1, V7, 5, major, 0, D5
314, 0, 0, 1, 0, 0, 0, 0, 1, 0, 0, 0, 1, 1, G, 1, I, 1, major, 0, G4
315, 0, 0, 1, 0, 0, 0, 0, 1, 0, 0, 0, 1, 1, G, 1, I, 1, major, 0, G4
316, 1, 0, 1, 0, 0, 0, 1, 0, 0, 1, 0, 0, 1, G, 1, V7, 5, major, 0, D5
317, 1, 0, 1, 0, 0, 0, 1, 0, 0, 1, 0, 0, 1, G, 1, V7, 5, major, 0, D5
318, 0, 0, 1, 0, 0, 0, 0, 1, 0, 0, 0, 1, 1, G, 1, I, 1, major, 0, G4
319, 0, 0, 1, 0, 0, 0, 0, 1, 0, 0, 0, 1, 1, G, 1, I, 1, major, 0, G4
320, 1, 0, 1, 0, 0, 0, 1, 0, 0, 1, 0, 0, 1, G, 1, V7, 5, major, 0, D5
321, 1, 0, 1, 0, 0, 0, 1, 0, 0, 1, 0, 0, 1, G, 1, V7, 5, major, 0, D5
322, 0, 0, 1, 0, 0, 0, 0, 1, 0, 0, 0, 1, 1, G, 1, I, 1, major, 0, G4
