1, 0, 1, 0, 0, 1, 0, 0, 0, 0, 1, 0, 0, 1, D, 0, V6, 5, major, 1, A5
2, 0, 1, 0, 0, 1, 0, 0, 0, 0, 1, 0, 0, 1, D, 0, V6, 5, major, 1, A5
2, 0, 1, 0, 0, 1, 0, 0, 1, 0, 1, 0, 0, 1, D, 0, V65, 5, major, 1, A5
3, 0, 0, 1, 0, 0, 1, 0, 0, 0, 1, 0, 0, 1, D, 0, i, 1, minor, 0, D4
3, 0, 1, 0, 0, 1, 0, 0, 0, 0, 1, 0, 0, 1, D, 0, V64, 5, major, 2, A4
3, 0, 0, 1, 0, 0, 1, 0, 0, 0, 1, 0, 0, 1, D, 0, i6, 1, minor, 1, D5
3, 0, 1, 0, 0, 1, 0, 0, 1, 0, 1, 0, 0, 1, D, 0, V65, 5, major, 1, A5
4, 0, 0, 1, 0, 0, 1, 0, 0, 0, 1, 0, 0, 1, D, 0, i, 1, minor, 0, D4
4, 0, 1, 0, 0, 1, 0, 0, 0, 0, 1, 0, 0, 1, D, 0, V64, 5, major, 2, A4
4, 0, 0, 1, 0, 0, 1, 0, 0, 0, 1, 0, 0, 1, D, 0, i6, 1, minor, 1, D5
4, 1, 0, 1, 0, 0, 0, 1, 0, 0, 1, 0, 0, 2, G, 0, V65/iv, 5, major, 1, D6, D, 0, iv, 4, minor, 0, G4
5, 0, 0, 1, 0, 0, 0, 0, 1, 0, 0, 1, 0, 1, D, 0, iv, 4, minor, 0, G4
5, 0, 0, 1, 0, 0, 1, 0, 0, 0, 1, 0, 0, 1, D, 0, i64, 1, minor, 2, D5
5, 0, 0, 1, 0, 0, 0, 0, 1, 0, 0, 1, 0, 1, D, 0, iv6, 4, minor, 1, G5
5, 0, 0, 1, 0, 0, 0, 0, 0, 1, 0, 1, 0, 1, D, 0, It6, 4, other, 1, G#5
6, 0, 0, 1, 0, 0, 1, 0, 0, 1, 0, 0, 1, 2, A, 1, viio43/V, 7, diminished, 2, G#5, D, 0, V, 5, major, 0, A4
6, 0, 1, 0, 0, 1, 0, 0, 0, 0, 1, 0, 0, 1, D, 0, V, 5, major, 0, A4
7, 1, 0, 0, 0, 1, 0, 0, 1, 0, 0, 0, 0, 2, F, 1, V6/III, 5, major, 1, C6, D, 0, III, 3, major, 0, F4
8, 1, 0, 0, 0, 1, 0, 0, 1, 0, 0, 0, 0, 2, F, 1, V6/III, 5, major, 1, C6, D, 0, III, 3, major, 0, F4
8, 1, 0, 0, 0, 1, 0, 0, 1, 0, 0, 1, 0, 2, F, 1, V65/III, 5, major, 1, C6, D, 0, III, 3, major, 0, F4
9, 1, 0, 0, 0, 0, 1, 0, 0, 0, 1, 0, 0, 1, D, 0, III, 3, major, 0, F4
9, 1, 0, 1, 0, 0, 0, 1, 0, 0, 1, 0, 0, 2, G, 0, V65/iv, 5, major, 1, D6, D, 0, iv, 4, minor, 0, G4
10, 0, 0, 1, 0, 0, 0, 0, 1, 0, 0, 1, 0, 1, D, 0, iv, 4, minor, 0, G4
10, 0, 0, 0, 1, 0, 0, 0, 1, 0, 0, 1, 0, 1, D, 0, N6, 2, major, 1, Eb5
11, 0, 0, 0, 1, 0, 0, 0, 1, 0, 0, 1, 0, 1, D, 0, N6, 2, major, 1, Eb5
11, 0, 1, 0, 0, 1, 0, 0, 1, 0, 0, 1, 0, 1, D, 0, viio43, 7, diminished, 2, C#5
12, 0, 1, 0, 0, 1, 0, 0, 1, 0, 0, 1, 0, 1, D, 0, viio43, 7, diminished, 2, C#5
12, 0, 0, 1, 0, 0, 1, 0, 0, 1, 0, 0, 1, 2, A, 1, viio7/V, 7, diminished, 0, G#5, D, 0, V, 5, major, 0, A4
13, 0, 0, 1, 0, 0, 1, 0, 0, 0, 1, 0, 0, 1, D, 0, i64, 1, minor, 2, D5
14, 0, 0, 1, 0, 0, 1, 0, 0, 0, 1, 0, 0, 1, D, 0, i64, 1, minor, 2, D5
15, 0, 0, 1, 0, 0, 1, 0, 0, 0, 1, 0, 0, 1, D, 0, i64, 1, minor, 2, D5
16, 0, 0, 1, 0, 0, 1, 0, 0, 0, 1, 0, 0, 1, D, 0, i64, 1, minor, 2, D5
17, 0, 0, 1, 0, 0, 1, 0, 0, 0, 1, 0, 0, 1, D, 0, i64, 1, minor, 2, D5
18, 0, 0, 1, 0, 0, 1, 0, 0, 0, 1, 0, 0, 1, D, 0, i64, 1, minor, 2, D5
19, 0, 0, 1, 0, 0, 1, 0, 0, 0, 1, 0, 0, 1, D, 0, i64, 1, minor, 2, D5
20, 0, 0, 1, 0, 0, 1, 0, 0, 0, 1, 0, 0, 1, D, 0, i64, 1, minor, 2, D5
20, 0, 1, 0, 0, 1, 0, 0, 1, 0, 1, 0, 0, 1, D, 0, V7, 5, major, 0, A4
21, 0, 0, 1, 0, 0, 1, 0, 0, 0, 1, 0, 0, 1, D, 0, i, 1, minor, 0, D4
22, 0, 0, 1, 0, 0, 1, 0, 0, 0, 1, 0, 0, 1, D, 0, i, 1, minor, 0, D4
23, 0, 0, 1, 0, 0, 1, 0, 0, 0, 1, 0, 0, 1, D, 0, i, 1, minor, 0, D4
24, 0, 0, 1, 0, 0, 1, 0, 0, 0, 1, 0, 0, 1, D, 0, i, 1, minor, 0, D4
25, 0, 1, 0, 0, 1, 0, 0, 1, 0, 1, 0, 0, 1, D, 0, V43, 5, major, 2, A4
26, 0, 1, 0, 0, 1, 0, 0, 1, 0, 1, 0, 0, 1, D, 0, V43, 5, major, 2, A4
27, 0, 1, 0, 0, 1, 0, 0, 1, 0, 1, 0, 0, 1, D, 0, V43, 5, major, 2, A4
28, 0, 1, 0, 0, 1, 0, 0, 1, 0, 1, 0, 0, 1, D, 0, V43, 5, major, 2, A4
29, 0, 0, 1, 0, 0, 1, 0, 0, 0, 1, 0, 0, 1, D, 0, i6, 1, minor, 1, D5
30, 0, 0, 1, 0, 0, 1, 0, 0, 0, 1, 0, 0, 1, D, 0, i6, 1, minor, 1, D5
31, 0, 0, 0, 0, 1, 0, 0, 0, 1, 0, 0, 1, 1, A, 0, V6, 5, major, 1, E6
32, 0, 0, 0, 0, 1, 0, 0, 0, 1, 0, 0, 1, 1, A, 0, V6, 5, major, 1, E6
33, 1, 0, 0, 0, 0, 1, 0, 0, 0, 1, 0, 0, 1, A, 0, VI6, 6, major, 1, F5
34, 1, 0, 0, 0, 0, 1, 0, 0, 0, 1, 0, 0, 1, A, 0, VI6, 6, major, 1, F5
35, 0, 0, 1, 0, 0, 0, 0, 0, 1, 0, 0, 1, 1, A, 0, viio6, 7, diminished, 1, G#5
36, 0, 0, 1, 0, 0, 0, 0, 0, 1, 0, 0, 1, 1, A, 0, viio6, 7, diminished, 1, G#5
37, 1, 0, 0, 0, 1, 0, 0, 0, 0, 1, 0, 0, 1, A, 0, i6, 1, minor, 1, A5
38, 1, 0, 0, 1, 0, 0, 1, 0, 0, 1, 0, 0, 2, E, 1, viio7/V, 7, diminished, 0, D#5, A, 0, V, 5, major, 0, E5
39, 1, 0, 0, 1, 0, 0, 1, 0, 0, 1, 0, 0, 2, E, 1, viio7/V, 7, diminished, 0, D#5, A, 0, V, 5, major, 0, E5
40, 1, 0, 0, 1, 0, 0, 1, 0, 0, 1, 0, 0, 2, E, 1, viio7/V, 7, diminished, 0, D#5, A, 0, V, 5, major, 0, E5
41, 0, 0, 1, 0, 1, 0, 0, 0, 1, 0, 0, 1, 1, A, 0, V7, 5, major, 0, E5
42, 0, 0, 1, 0, 1, 0, 0, 0, 1, 0, 0, 1, 1, A, 0, V7, 5, major, 0, E5
43, 0, 0, 1, 0, 1, 0, 0, 0, 1, 0, 0, 1, 1, A, 0, V7, 5, major, 0, E5
44, 0, 0, 1, 0, 1, 0, 0, 0, 1, 0, 0, 1, 1, A, 0, V7, 5, major, 0, E5
45, 1, 0, 0, 0, 1, 0, 0, 0, 0, 1, 0, 0, 1, A, 0, i64, 1, minor, 2, A5
46, 1, 0, 0, 0, 1, 0, 0, 0, 0, 1, 0, 0, 1, A, 0, i64, 1, minor, 2, A5
47, 1, 0, 0, 0, 1, 0, 0, 0, 0, 1, 0, 0, 1, A, 0, i64, 1, minor, 2, A5
48, 1, 0, 0, 0, 1, 0, 0, 0, 0, 1, 0, 0, 1, A, 0, i64, 1, minor, 2, A5
49, 0, 0, 1, 0, 1, 0, 0, 0, 1, 0, 0, 1, 1, A, 0, V7, 5, major, 0, E5
50, 0, 0, 1, 0, 1, 0, 0, 0, 1, 0, 0, 1, 1, A, 0, V7, 5, major, 0, E5
51, 0, 0, 1, 0, 1, 0, 0, 0, 1, 0, 0, 1, 1, A, 0, V7, 5, major, 0, E5
52, 0, 0, 1, 0, 1, 0, 0, 0, 1, 0, 0, 1, 1, A, 0, V7, 5, major, 0, E5
53, 0, 0, 1, 0, 1, 0, 0, 0, 1, 0, 0, 1, 1, A, 0, V7, 5, major, 0, E5
54, 0, 0, 1, 0, 1, 0, 0, 0, 1, 0, 0, 1, 1, A, 0, V7, 5, major, 0, E5
55, 1, 0, 0, 0, 1, 0, 0, 0, 0, 1, 0, 0, 1, A, 0, i6, 1, minor, 1, A5
55, 0, 0, 1, 0, 0, 1, 0, 0, 0, 0, 1, 0, 1, A, 0, N6, 2, major, 1, Bb5
56, 0, 0, 1, 0, 0, 1, 0, 0, 0, 0, 1, 0, 1, A, 0, N6, 2, major, 1, Bb5
57, 1, 0, 0, 0, 1, 0, 0, 0, 0, 1, 0, 0, 1, A, 0, i6, 1, minor, 1, A5
57, 0, 0, 1, 0, 0, 1, 0, 0, 0, 0, 1, 0, 1, A, 0, N6, 2, major, 1, Bb5
58, 0, 0, 1, 0, 0, 1, 0, 0, 0, 0, 1, 0, 1, A, 0, N6, 2, major, 1, Bb5
59, 1, 0, 0, 0, 1, 0, 0, 0, 0, 1, 0, 0, 1, A, 0, i6, 1, minor, 1, A5
59, 0, 0, 1, 0, 0, 1, 0, 0, 0, 0, 1, 0, 1, A, 0, N6, 2, major, 1, Bb5
60, 0, 0, 1, 0, 0, 1, 0, 0, 0, 0, 1, 0, 1, A, 0, N6, 2, major, 1, Bb5
60, 0, 0, 0, 1, 0, 0, 1, 0, 0, 0, 0, 1, 2, E, 1, V6/V, 5, major, 1, B5, A, 0, V, 5, major, 0, E5
60, 1, 0, 0, 0, 1, 0, 0, 0, 0, 1, 0, 0, 1, A, 0, i64, 1, minor, 2, A5
61, 1, 0, 0, 0, 1, 0, 0, 0, 0, 1, 0, 0, 1, A, 0, i64, 1, minor, 2, A5
61, 0, 1, 0, 0, 1, 0, 0, 0, 0, 1, 0, 0, 2, D, 0, V64/iv, 5, major, 2, A4, A, 0, iv, 4, minor, 0, D5
61, 0, 0, 1, 0, 0, 1, 0, 0, 0, 1, 0, 0, 1, A, 0, iv6, 4, minor, 1, D6
61, 0, 1, 0, 0, 1, 0, 0, 0, 0, 1, 0, 0, 2, D, 0, V6/iv, 5, major, 1, A5, A, 0, iv, 4, minor, 0, D5
62, 0, 0, 1, 0, 0, 1, 0, 0, 0, 1, 0, 0, 1, A, 0, iv, 4, minor, 0, D5
62, 0, 0, 1, 0, 0, 1, 0, 0, 0, 0, 1, 0, 1, A, 0, N6, 2, major, 1, Bb5
62, 1, 0, 0, 0, 1, 0, 0, 0, 0, 1, 0, 0, 1, A, 0, i64, 1, minor, 2, A5
62, 0, 0, 0, 0, 1, 0, 0, 0, 1, 0, 0, 1, 1, A, 0, V, 5, major, 0, E5
63, 1, 0, 0, 0, 1, 0, 0, 0, 0, 1, 0, 0, 1, A, 0, i, 1, minor, 0, A4
63, 0, 0, 1, 0, 0, 1, 0, 0, 0, 0, 1, 0, 1, A, 0, bII, 2, major, 0, Bb4
64, 0, 0, 1, 0, 0, 1, 0, 0, 0, 0, 1, 0, 1, A, 0, bII, 2, major, 0, Bb4
65, 0, 1, 0, 0, 1, 0, 0, 0, 0, 1, 0, 0, 2, D, 0, V/iv, 5, major, 0, A4, A, 0, iv, 4, minor, 0, D5
65, 0, 0, 1, 0, 0, 1, 0, 0, 0, 0, 1, 0, 1, A, 0, bII, 2, major, 0, Bb4
66, 0, 0, 1, 0, 0, 1, 0, 0, 0, 0, 1, 0, 1, A, 0, bII, 2, major, 0, Bb4
67, 0, 1, 0, 0, 1, 0, 0, 0, 0, 1, 0, 0, 2, D, 0, V/iv, 5, major, 0, A4, A, 0, iv, 4, minor, 0, D5
67, 0, 0, 1, 0, 0, 1, 0, 0, 0, 0, 1, 0, 1, A, 0, bII, 2, major, 0, Bb4
68, 0, 0, 1, 0, 0, 1, 0, 0, 0, 0, 1, 0, 1, A, 0, bII, 2, major, 0, Bb4
69, 0, 0, 1, 0, 0, 1, 0, 1, 0, 0, 0, 1, 2, C, 1, V7/III, 5, major, 0, G4, A, 0, III, 3, major, 0, C5
70, 1, 0, 0, 0, 1, 0, 0, 1, 0, 0, 0, 0, 1, A, 0, III, 3, major, 0, C5
71, 0, 0, 1, 0, 1, 0, 0, 0, 1, 0, 0, 1, 1, A, 0, V7, 5, major, 0, E5
72, 1, 0, 0, 0, 1, 0, 0, 0, 0, 1, 0, 0, 1, A, 0, i, 1, minor, 0, A4
73, 0, 0, 1, 0, 0, 0, 1, 0, 0, 1, 0, 1, 1, A, 0, iihalfdim65, 2, minor, 1, B5
74, 0, 0, 0, 0, 1, 0, 0, 0, 1, 0, 0, 1, 1, A, 0, V, 5, major, 0, E5
75, 1, 0, 0, 0, 1, 0, 0, 0, 0, 1, 0, 0, 1, A, 0, i64, 1, minor, 2, A5
75, 0, 0, 1, 0, 1, 0, 0, 0, 1, 0, 0, 1, 1, A, 0, V7, 5, major, 0, E5
76, 1, 0, 0, 0, 1, 0, 0, 0, 0, 1, 0, 0, 1, A, 0, i64, 1, minor, 2, A5
76, 0, 0, 0, 0, 1, 0, 0, 0, 1, 0, 0, 1, 1, A, 0, V, 5, major, 0, E5
77, 1, 0, 0, 0, 1, 0, 0, 0, 0, 1, 0, 0, 1, A, 0, i6, 1, minor, 1, A5
77, 0, 0, 1, 0, 1, 0, 0, 0, 1, 0, 0, 1, 1, A, 0, V7, 5, major, 0, E5
78, 1, 0, 0, 0, 1, 0, 0, 0, 0, 1, 0, 0, 1, A, 0, i64, 1, minor, 2, A5
78, 0, 0, 0, 0, 1, 0, 0, 0, 1, 0, 0, 1, 1, A, 0, V, 5, major, 0, E5
79, 1, 0, 0, 0, 1, 0, 0, 0, 0, 1, 0, 0, 1, A, 0, i64, 1, minor, 2, A5
79, 0, 0, 1, 0, 1, 0, 0, 0, 1, 0, 0, 1, 1, A, 0, V7, 5, major, 0, E5
80, 1, 0, 0, 0, 1, 0, 0, 0, 0, 1, 0, 0, 1, A, 0, i64, 1, minor, 2, A5
80, 0, 0, 0, 0, 1, 0, 0, 0, 1, 0, 0, 1, 1, A, 0, V, 5, major, 0, E5
81, 1, 0, 0, 0, 1, 0, 0, 0, 0, 1, 0, 0, 1, A, 0, i6, 1, minor, 1, A5
81, 0, 0, 1, 0, 1, 0, 0, 0, 1, 0, 0, 1, 1, A, 0, V7, 5, major, 0, E5
82, 1, 0, 0, 0, 1, 0, 0, 0, 0, 1, 0, 0, 1, A, 0, i64, 1, minor, 2, A5
82, 0, 0, 0, 0, 1, 0, 0, 0, 1, 0, 0, 1, 1, A, 0, V, 5, major, 0, E5
83, 1, 0, 0, 0, 1, 0, 0, 0, 0, 1, 0, 0, 1, A, 0, i64, 1, minor, 2, A5
83, 0, 0, 1, 0, 1, 0, 0, 0, 1, 0, 0, 1, 1, A, 0, V7, 5, major, 0, E5
84, 1, 0, 0, 0, 1, 0, 0, 0, 0, 1, 0, 0, 1, A, 0, i64, 1, minor, 2, A5
84, 0, 0, 0, 0, 1, 0, 0, 0, 1, 0, 0, 1, 1, A, 0, V, 5, major, 0, E5
85, 1, 0, 0, 0, 1, 0, 0, 0, 0, 1, 0, 0, 1, A, 0, i, 1, minor, 0, A4
85, 0, 0, 0, 0, 1, 0, 0, 0, 1, 0, 0, 1, 1, A, 0, V, 5, major, 0, E5
86, 1, 0, 0, 0, 1, 0, 0, 0, 0, 1, 0, 0, 1, A, 0, i, 1, minor, 0, A4
86, 0, 0, 0, 0, 1, 0, 0, 0, 1, 0, 0, 1, 1, A, 0, V, 5, major, 0, E5
87, 1, 0, 0, 0, 1, 0, 0, 0, 0, 1, 0, 0, 1, A, 0, i, 1, minor, 0, A4
88, 1, 0, 0, 0, 1, 0, 0, 0, 0, 1, 0, 0, 1, A, 0, i, 1, minor, 0, A4
89, 1, 0, 0, 0, 1, 0, 0, 0, 0, 1, 0, 0, 1, A, 0, i, 1, minor, 0, A4
90, 1, 0, 0, 0, 1, 0, 0, 0, 0, 1, 0, 0, 1, A, 0, i, 1, minor, 0, A4
91, 1, 0, 0, 0, 1, 0, 0, 0, 0, 1, 0, 0, 1, A, 0, i, 1, minor, 0, A4
92, 0, 0, 0, 0, 1, 0, 0, 0, 1, 0, 0, 1, 1, A, 0, V, 5, major, 0, E5
93, 1, 0, 0, 0, 1, 0, 0, 0, 0, 1, 0, 0, 1, A, 0, i, 1, minor, 0, A4
94, 1, 0, 0, 0, 1, 0, 0, 0, 0, 1, 0, 0, 1, A, 0, i, 1, minor, 0, A4
95, 1, 0, 0, 0, 1, 0, 0, 0, 0, 1, 0, 0, 1, A, 0, i, 1, minor, 0, A4
96, 1, 0, 0, 0, 1, 0, 0, 0, 0, 1, 0, 0, 1, A, 0, i, 1, minor, 0, A4
97, 0, 0, 1, 0, 0, 0, 1, 0, 0, 1, 0, 0, 1, F#, 0, VI6, 6, major, 1, D5
98, 0, 0, 1, 0, 0, 0, 1, 0, 0, 1, 0, 0, 1, F#, 0, VI6, 6, major, 1, D5
99, 1, 0, 0, 1, 0, 0, 1, 0, 0, 1, 0, 0, 2, C#, 1, viio7/V, 7, diminished, 0, B#4, F#, 0, V, 5, major, 0, C#5
100, 1, 0, 0, 1, 0, 0, 1, 0, 0, 1, 0, 0, 2, C#, 1, viio7/V, 7, diminished, 0, B#4, F#, 0, V, 5, major, 0, C#5
101, 0, 1, 0, 0, 0, 0, 1, 0, 0, 0, 1, 0, 1, F#, 0, I64, 1, major, 2, F#5
102, 0, 1, 0, 0, 0, 0, 1, 0, 0, 0, 1, 0, 1, F#, 0, I64, 1, major, 2, F#5
103, 0, 1, 0, 0, 0, 0, 1, 0, 0, 1, 0, 0, 1, F#, 0, i, 1, minor, 0, F#4
104, 0, 1, 0, 0, 0, 0, 1, 0, 0, 1, 0, 0, 1, F#, 0, i, 1, minor, 0, F#4
105, 0, 1, 0, 0, 0, 0, 1, 0, 0, 1, 0, 0, 1, F#, 0, i, 1, minor, 0, F#4
106, 0, 1, 0, 0, 0, 0, 1, 0, 0, 1, 0, 0, 1, F#, 0, i, 1, minor, 0, F#4
107, 0, 1, 0, 0, 0, 1, 0, 0, 1, 0, 0, 1, 1, F#, 0, V43, 5, major, 2, C#5
108, 0, 1, 0, 0, 0, 1, 0, 0, 1, 0, 0, 1, 1, F#, 0, V43, 5, major, 2, C#5
109, 0, 1, 0, 0, 0, 1, 0, 0, 1, 0, 0, 1, 1, F#, 0, V43, 5, major, 2, C#5
110, 0, 1, 0, 0, 0, 1, 0, 0, 1, 0, 0, 1, 1, F#, 0, V43, 5, major, 2, C#5
111, 0, 1, 0, 0, 0, 0, 1, 0, 0, 1, 0, 0, 1, F#, 0, i6, 1, minor, 1, F#5
112, 0, 1, 0, 0, 0, 0, 1, 0, 0, 1, 0, 0, 1, F#, 0, i6, 1, minor, 1, F#5
113, 0, 0, 1, 0, 0, 0, 1, 0, 0, 0, 0, 1, 1, F#, 0, iv, 4, minor, 0, B4
114, 0, 0, 1, 0, 0, 0, 1, 0, 0, 0, 0, 1, 1, F#, 0, iv, 4, minor, 0, B4
115, 0, 0, 1, 0, 0, 0, 0, 1, 0, 0, 0, 1, 1, C, 1, V6, 5, major, 1, G5
116, 0, 0, 1, 0, 0, 0, 0, 1, 0, 0, 0, 1, 1, C, 1, V6, 5, major, 1, G5
117, 1, 0, 0, 0, 1, 0, 0, 1, 0, 0, 0, 0, 1, C, 1, I, 1, major, 0, C4
118, 1, 0, 0, 0, 1, 0, 0, 1, 0, 0, 0, 0, 1, C, 1, I, 1, major, 0, C4
119, 0, 1, 0, 0, 1, 0, 0, 0, 0, 1, 0, 0, 1, D, 0, V6, 5, major, 1, A5
120, 0, 1, 0, 0, 1, 0, 0, 0, 0, 1, 0, 0, 1, D, 0, V6, 5, major, 1, A5
121, 0, 0, 1, 0, 0, 1, 0, 0, 0, 1, 0, 0, 1, D, 0, i, 1, minor, 0, D4
122, 0, 0, 1, 0, 0, 1, 0, 0, 0, 1, 0, 0, 1, D, 0, i, 1, minor, 0, D4
123, 0, 0, 1, 0, 0, 0, 0, 0, 1, 0, 0, 1, 2, A, 1, viio6/V, 7, diminished, 1, G#5, D, 0, V, 5, major, 0, A4
124, 0, 0, 1, 0, 0, 0, 0, 0, 1, 0, 1, 0, 1, D, 0, It6, 4, other, 1, G#5
125, 0, 1, 0, 0, 1, 0, 0, 0, 0, 1, 0, 0, 1, D, 0, V, 5, major, 0, A4
126, 0, 1, 0, 0, 1, 0, 0, 0, 0, 1, 0, 0, 1, D, 0, V, 5, major, 0, A4
126, 0, 0, 1, 0, 0, 0, 1, 0, 0, 1, 0, 1, 1, D, 0, vihalfdim42, 6, minor, 3, B4
127, 0, 0, 1, 0, 0, 0, 1, 0, 0, 1, 0, 1, 1, D, 0, vihalfdim42, 6, minor, 3, B4
128, 0, 0, 1, 0, 0, 0, 1, 0, 0, 1, 0, 1, 1, D, 0, vihalfdim42, 6, minor, 3, B4
129, 0, 1, 0, 0, 1, 0, 0, 0, 0, 1, 0, 0, 1, D, 0, V, 5, major, 0, A4
130, 0, 1, 0, 0, 1, 0, 0, 0, 0, 1, 0, 0, 1, D, 0, V6, 5, major, 1, A5
130, 0, 0, 1, 0, 0, 0, 1, 0, 0, 1, 0, 1, 1, D, 0, vihalfdim7, 6, minor, 0, B4
131, 0, 0, 1, 0, 0, 0, 1, 0, 0, 1, 0, 1, 1, D, 0, vihalfdim7, 6, minor, 0, B4
132, 0, 0, 1, 0, 0, 0, 1, 0, 0, 1, 0, 1, 1, D, 0, vihalfdim7, 6, minor, 0, B4
133, 0, 0, 1, 0, 0, 0, 1, 0, 0, 1, 0, 1, 1, D, 0, vihalfdim7, 6, minor, 0, B4
134, 0, 0, 1, 0, 0, 0, 1, 0, 0, 1, 0, 1, 1, D, 0, vihalfdim7, 6, minor, 0, B4
135, 0, 0, 1, 0, 0, 0, 1, 0, 0, 1, 0, 1, 1, D, 0, vihalfdim7, 6, minor, 0, B4
136, 0, 0, 1, 0, 0, 0, 1, 0, 0, 1, 0, 1, 1, D, 0, vihalfdim7, 6, minor, 0, B4
137, 0, 1, 0, 0, 1, 0, 0, 0, 0, 1, 0, 0, 1, D, 0, V, 5, major, 0, A4
138, 0, 0, 1, 0, 0, 1, 0, 0, 0, 1, 0, 0, 1, D, 0, i64, 1, minor, 2, D5
139, 0, 1, 0, 0, 1, 0, 0, 0, 0, 1, 0, 0, 1, D, 0, V, 5, major, 0, A4
140, 0, 0, 1, 0, 0, 1, 0, 0, 0, 0, 1, 0, 1, D, 0, VI6, 6, major, 1, Bb4
141, 0, 1, 0, 0, 1, 0, 0, 0, 0, 1, 0, 0, 1, D, 0, V, 5, major, 0, A4
142, 0, 1, 0, 0, 1, 0, 0, 0, 0, 1, 0, 0, 1, D, 0, V, 5, major, 0, A4
143, 0, 1, 0, 0, 1, 0, 0, 1, 0, 0, 1, 0, 1, D, 0, viio7, 7, diminished, 0, C#5
144, 0, 1, 0, 0, 1, 0, 0, 1, 0, 0, 1, 0, 1, D, 0, viio7, 7, diminished, 0, C#5
145, 0, 1, 0, 0, 1, 0, 0, 1, 0, 0, 1, 0, 1, D, 0, viio7, 7, diminished, 0, C#5
146, 0, 1, 0, 0, 1, 0, 0, 1, 0, 0, 1, 0, 1, D, 0, viio7, 7, diminished, 0, C#5
147, 0, 1, 0, 0, 1, 0, 0, 0, 0, 1, 0, 0, 1, D, 0, V6, 5, major, 1, A5
148, 0, 1, 0, 0, 1, 0, 0, 0, 0, 1, 0, 0, 1, D, 0, V6, 5, major, 1, A5
149, 0, 1, 0, 0, 1, 0, 0, 0, 0, 1, 0, 0, 1, D, 0, V6, 5, major, 1, A5
150, 0, 1, 0, 0, 1, 0, 0, 0, 0, 1, 0, 0, 1, D, 0, V6, 5, major, 1, A5
151, 0, 1, 0, 0, 1, 0, 0, 0, 0, 1, 0, 0, 1, D, 0, V6, 5, major, 1, A5
152, 0, 1, 0, 0, 1, 0, 0, 0, 0, 1, 0, 0, 1, D, 0, V6, 5, major, 1, A5
152, 0, 1, 0, 0, 1, 0, 0, 1, 0, 1, 0, 0, 1, D, 0, V65, 5, major, 1, A5
153, 0, 0, 1, 0, 0, 1, 0, 0, 0, 1, 0, 0, 1, D, 0, i, 1, minor, 0, D4
153, 0, 1, 0, 0, 1, 0, 0, 0, 0, 1, 0, 0, 1, D, 0, V64, 5, major, 2, A4
153, 0, 0, 1, 0, 0, 1, 0, 0, 0, 1, 0, 0, 1, D, 0, i6, 1, minor, 1, D5
153, 0, 1, 0, 0, 1, 0, 0, 1, 0, 1, 0, 0, 1, D, 0, V65, 5, major, 1, A5
154, 0, 0, 1, 0, 0, 1, 0, 0, 0, 1, 0, 0, 1, D, 0, i, 1, minor, 0, D4
154, 0, 1, 0, 0, 1, 0, 0, 0, 0, 1, 0, 0, 1, D, 0, V64, 5, major, 2, A4
154, 0, 0, 1, 0, 0, 1, 0, 0, 0, 1, 0, 0, 1, D, 0, i6, 1, minor, 1, D5
154, 1, 0, 1, 0, 0, 0, 1, 0, 0, 1, 0, 0, 2, G, 0, V65/iv, 5, major, 1, D6, D, 0, iv, 4, minor, 0, G4
155, 0, 0, 1, 0, 0, 0, 0, 1, 0, 0, 1, 0, 1, D, 0, iv, 4, minor, 0, G4
155, 0, 0, 1, 0, 0, 1, 0, 0, 0, 1, 0, 0, 1, D, 0, i64, 1, minor, 2, D5
155, 0, 0, 1, 0, 0, 0, 0, 1, 0, 0, 1, 0, 1, D, 0, iv6, 4, minor, 1, G5
155, 0, 0, 1, 0, 0, 0, 0, 0, 1, 0, 1, 0, 1, D, 0, It6, 4, other, 1, G#5
156, 0, 0, 1, 0, 0, 1, 0, 0, 1, 0, 0, 1, 2, A, 1, viio43/V, 7, diminished, 2, G#5, D, 0, V, 5, major, 0, A4
156, 0, 1, 0, 0, 1, 0, 0, 0, 0, 1, 0, 0, 1, D, 0, V, 5, major, 0, A4
157, 1, 0, 0, 0, 1, 0, 0, 1, 0, 0, 0, 0, 1, F, 0, V6, 5, major, 1, C6
158, 1, 0, 0, 0, 1, 0, 0, 1, 0, 0, 0, 0, 1, F, 0, V6, 5, major, 1, C6
159, 0, 1, 0, 0, 1, 0, 0, 1, 0, 0, 1, 0, 1, F, 0, viio7, 7, diminished, 0, E5
160, 0, 1, 0, 0, 1, 0, 0, 1, 0, 0, 1, 0, 1, F, 0, viio7, 7, diminished, 0, E5
161, 0, 1, 0, 0, 1, 0, 0, 1, 0, 0, 1, 0, 1, F, 0, viio7, 7, diminished, 0, E5
162, 1, 0, 0, 0, 0, 1, 0, 0, 1, 0, 0, 0, 1, F, 0, i, 1, minor, 0, F4
163, 0, 1, 0, 0, 0, 1, 0, 0, 1, 0, 0, 0, 1, F#, 0, V6, 5, major, 1, C#6
164, 0, 1, 0, 0, 0, 1, 0, 0, 1, 0, 0, 0, 1, F#, 0, V6, 5, major, 1, C#6
165, 0, 1, 0, 0, 0, 0, 1, 0, 0, 1, 0, 0, 1, F#, 0, i, 1, minor, 0, F#4
166, 0, 1, 0, 0, 0, 0, 1, 0, 0, 1, 0, 0, 1, F#, 0, i, 1, minor, 0, F#4
167, 0, 0, 1, 0, 0, 0, 1, 0, 0, 1, 0, 0, 1, G, 0, V6, 5, major, 1, D6
168, 0, 0, 1, 0, 0, 0, 1, 0, 0, 1, 0, 0, 1, G, 0, V6, 5, major, 1, D6
169, 0, 0, 1, 0, 0, 0, 0, 1, 0, 0, 1, 0, 1, G, 0, i, 1, minor, 0, G4
170, 0, 0, 1, 0, 0, 0, 0, 1, 0, 0, 1, 0, 1, G, 0, i, 1, minor, 0, G4
171, 0, 1, 0, 0, 1, 0, 0, 1, 0, 0, 1, 0, 2, D, 1, viio43/V, 7, diminished, 2, C#5, G, 0, V, 5, major, 0, D5
172, 0, 1, 0, 0, 1, 0, 0, 1, 0, 0, 1, 0, 2, D, 1, viio43/V, 7, diminished, 2, C#5, G, 0, V, 5, major, 0, D5
173, 0, 0, 1, 0, 0, 1, 0, 0, 1, 0, 0, 1, 2, A, 1, viio7/V, 7, diminished, 0, G#5, D, 0, V, 5, major, 0, A4
174, 0, 0, 1, 0, 0, 1, 0, 0, 1, 0, 0, 1, 2, A, 1, viio7/V, 7, diminished, 0, G#5, D, 0, V, 5, major, 0, A4
175, 0, 1, 0, 0, 1, 0, 0, 1, 0, 1, 0, 0, 1, D, 0, V7, 5, major, 0, A4
176, 0, 1, 0, 0, 1, 0, 0, 1, 0, 1, 0, 0, 1, D, 0, V7, 5, major, 0, A4
177, 0, 1, 0, 0, 1, 0, 0, 1, 0, 1, 0, 0, 1, D, 0, V7, 5, major, 0, A4
178, 0, 1, 0, 0, 1, 0, 0, 1, 0, 1, 0, 0, 1, D, 0, V7, 5, major, 0, A4
179, 0, 0, 1, 0, 0, 1, 0, 0, 0, 1, 0, 0, 1, D, 0, i64, 1, minor, 2, D5
180, 0, 0, 1, 0, 0, 1, 0, 0, 0, 1, 0, 0, 1, D, 0, i64, 1, minor, 2, D5
181, 0, 0, 1, 0, 0, 1, 0, 0, 0, 1, 0, 0, 1, D, 0, i64, 1, minor, 2, D5
182, 0, 0, 1, 0, 0, 1, 0, 0, 0, 1, 0, 0, 1, D, 0, i64, 1, minor, 2, D5
183, 0, 1, 0, 0, 1, 0, 0, 1, 0, 1, 0, 0, 1, D, 0, V7, 5, major, 0, A4
184, 0, 1, 0, 0, 1, 0, 0, 1, 0, 1, 0, 0, 1, D, 0, V7, 5, major, 0, A4
185, 0, 1, 0, 0, 1, 0, 0, 1, 0, 1, 0, 0, 1, D, 0, V7, 5, major, 0, A4
186, 0, 1, 0, 0, 1, 0, 0, 1, 0, 1, 0, 0, 1, D, 0, V7, 5, major, 0, A4
187, 0, 1, 0, 0, 1, 0, 0, 1, 0, 1, 0, 0, 1, D, 0, V7, 5, major, 0, A4
188, 0, 1, 0, 0, 1, 0, 0, 1, 0, 1, 0, 0, 1, D, 0, V7, 5, major, 0, A4
189, 0, 0, 1, 0, 0, 1, 0, 0, 0, 1, 0, 0, 1, D, 0, i6, 1, minor, 1, D5
189, 0, 0, 0, 1, 0, 0, 0, 1, 0, 0, 1, 0, 1, D, 0, N6, 2, major, 1, Eb5
190, 0, 0, 0, 1, 0, 0, 0, 1, 0, 0, 1, 0, 1, D, 0, N6, 2, major, 1, Eb5
191, 0, 0, 1, 0, 0, 1, 0, 0, 0, 1, 0, 0, 1, D, 0, i6, 1, minor, 1, D5
191, 0, 0, 0, 1, 0, 0, 0, 1, 0, 0, 1, 0, 1, D, 0, N6, 2, major, 1, Eb5
192, 0, 0, 0, 1, 0, 0, 0, 1, 0, 0, 1, 0, 1, D, 0, N6, 2, major, 1, Eb5
193, 0, 0, 1, 0, 0, 1, 0, 0, 0, 1, 0, 0, 1, D, 0, i6, 1, minor, 1, D5
193, 0, 0, 0, 1, 0, 0, 0, 1, 0, 0, 1, 0, 1, D, 0, N6, 2, major, 1, Eb5
194, 0, 0, 0, 1, 0, 0, 0, 1, 0, 0, 1, 0, 1, D, 0, N6, 2, major, 1, Eb5
194, 0, 0, 0, 0, 1, 0, 0, 0, 1, 0, 0, 1, 2, A, 1, V6/V, 5, major, 1, E6, D, 0, V, 5, major, 0, A4
194, 0, 0, 1, 0, 0, 1, 0, 0, 0, 1, 0, 0, 1, D, 0, i64, 1, minor, 2, D5
195, 0, 0, 1, 0, 0, 1, 0, 0, 0, 1, 0, 0, 1, D, 0, i64, 1, minor, 2, D5
195, 0, 0, 1, 0, 0, 0, 1, 0, 0, 1, 0, 0, 2, G, 0, V64/iv, 5, major, 2, D5, D, 0, iv, 4, minor, 0, G4
195, 0, 0, 1, 0, 0, 0, 0, 1, 0, 0, 1, 0, 1, D, 0, iv6, 4, minor, 1, G5
195, 0, 0, 1, 0, 0, 0, 1, 0, 0, 1, 0, 0, 2, G, 0, V6/iv, 5, major, 1, D6, D, 0, iv, 4, minor, 0, G4
196, 0, 0, 1, 0, 0, 0, 0, 1, 0, 0, 1, 0, 1, D, 0, iv, 4, minor, 0, G4
196, 0, 0, 0, 1, 0, 0, 0, 1, 0, 0, 1, 0, 1, D, 0, N6, 2, major, 1, Eb5
196, 0, 0, 1, 0, 0, 1, 0, 0, 0, 1, 0, 0, 1, D, 0, i64, 1, minor, 2, D5
196, 0, 1, 0, 0, 1, 0, 0, 0, 0, 1, 0, 0, 1, D, 0, V, 5, major, 0, A4
197, 0, 0, 1, 0, 0, 1, 0, 0, 0, 1, 0, 0, 1, D, 0, i, 1, minor, 0, D4
197, 0, 0, 0, 1, 0, 0, 0, 1, 0, 0, 1, 0, 1, D, 0, bII, 2, major, 0, Eb4
198, 0, 0, 0, 1, 0, 0, 0, 1, 0, 0, 1, 0, 1, D, 0, bII, 2, major, 0, Eb4
199, 0, 0, 1, 0, 0, 0, 1, 0, 0, 1, 0, 0, 2, G, 0, V/iv, 5, major, 0, D5, D, 0, iv, 4, minor, 0, G4
199, 0, 0, 0, 1, 0, 0, 0, 1, 0, 0, 1, 0, 1, D, 0, bII, 2, major, 0, Eb4
200, 0, 0, 0, 1, 0, 0, 0, 1, 0, 0, 1, 0, 1, D, 0, bII, 2, major, 0, Eb4
201, 0, 0, 1, 0, 0, 0, 1, 0, 0, 1, 0, 0, 2, G, 0, V/iv, 5, major, 0, D5, D, 0, iv, 4, minor, 0, G4
201, 0, 0, 0, 1, 0, 0, 0, 1, 0, 0, 1, 0, 1, D, 0, bII, 2, major, 0, Eb4
202, 0, 0, 0, 1, 0, 0, 0, 1, 0, 0, 1, 0, 1, D, 0, bII, 2, major, 0, Eb4
203, 1, 0, 0, 0, 1, 0, 0, 1, 0, 0, 1, 0, 2, F, 1, V7/III, 5, major, 0, C5, D, 0, III, 3, major, 0, F4
204, 1, 0, 0, 0, 0, 1, 0, 0, 0, 1, 0, 0, 1, D, 0, III, 3, major, 0, F4
205, 0, 1, 0, 0, 1, 0, 0, 1, 0, 1, 0, 0, 1, D, 0, V7, 5, major, 0, A4
206, 0, 0, 1, 0, 0, 1, 0, 0, 0, 1, 0, 0, 1, D, 0, i, 1, minor, 0, D4
207, 0, 0, 1, 0, 1, 0, 0, 1, 0, 0, 0, 1, 1, D, 0, iihalfdim65, 2, minor, 1, E5
208, 0, 1, 0, 0, 1, 0, 0, 0, 0, 1, 0, 0, 1, D, 0, V, 5, major, 0, A4
209, 0, 0, 1, 0, 0, 1, 0, 0, 0, 1, 0, 0, 1, D, 0, i64, 1, minor, 2, D5
209, 0, 1, 0, 0, 1, 0, 0, 1, 0, 1, 0, 0, 1, D, 0, V7, 5, major, 0, A4
210, 0, 0, 1, 0, 0, 1, 0, 0, 0, 1, 0, 0, 1, D, 0, i64, 1, minor, 2, D5
210, 0, 1, 0, 0, 1, 0, 0, 0, 0, 1, 0, 0, 1, D, 0, V, 5, major, 0, A4
211, 0, 0, 1, 0, 0, 1, 0, 0, 0, 1, 0, 0, 1, D, 0, i6, 1, minor, 1, D5
211, 0, 1, 0, 0, 1, 0, 0, 1, 0, 1, 0, 0, 1, D, 0, V7, 5, major, 0, A4
212, 0, 0, 1, 0, 0, 1, 0, 0, 0, 1, 0, 0, 1, D, 0, i64, 1, minor, 2, D5
212, 0, 1, 0, 0, 1, 0, 0, 0, 0, 1, 0, 0, 1, D, 0, V, 5, major, 0, A4
213, 0, 0, 1, 0, 0, 1, 0, 0, 0, 1, 0, 0, 1, D, 0, i64, 1, minor, 2, D5
213, 0, 1, 0, 0, 1, 0, 0, 1, 0, 1, 0, 0, 1, D, 0, V7, 5, major, 0, A4
214, 0, 0, 1, 0, 0, 1, 0, 0, 0, 1, 0, 0, 1, D, 0, i64, 1, minor, 2, D5
214, 0, 1, 0, 0, 1, 0, 0, 0, 0, 1, 0, 0, 1, D, 0, V, 5, major, 0, A4
215, 0, 0, 1, 0, 0, 1, 0, 0, 0, 1, 0, 0, 1, D, 0, i6, 1, minor, 1, D5
215, 0, 1, 0, 0, 1, 0, 0, 1, 0, 1, 0, 0, 1, D, 0, V7, 5, major, 0, A4
216, 0, 0, 1, 0, 0, 1, 0, 0, 0, 1, 0, 0, 1, D, 0, i64, 1, minor, 2, D5
216, 0, 1, 0, 0, 1, 0, 0, 0, 0, 1, 0, 0, 1, D, 0, V, 5, major, 0, A4
217, 0, 0, 1, 0, 0, 1, 0, 0, 0, 1, 0, 0, 1, D, 0, i64, 1, minor, 2, D5
217, 0, 1, 0, 0, 1, 0, 0, 1, 0, 1, 0, 0, 1, D, 0, V7, 5, major, 0, A4
218, 0, 0, 1, 0, 0, 1, 0, 0, 0, 1, 0, 0, 1, D, 0, i64, 1, minor, 2, D5
218, 0, 1, 0, 0, 1, 0, 0, 0, 0, 1, 0, 0, 1, D, 0, V, 5, major, 0, A4
219, 0, 0, 1, 0, 0, 1, 0, 0, 0, 1, 0, 0, 1, D, 0, i, 1, minor, 0, D4
219, 0, 1, 0, 0, 1, 0, 0, 0, 0, 1, 0, 0, 1, D, 0, V, 5, major, 0, A4
220, 0, 0, 1, 0, 0, 1, 0, 0, 0, 1, 0, 0, 1, D, 0, i, 1, minor, 0, D4
220, 0, 1, 0, 0, 1, 0, 0, 0, 0, 1, 0, 0, 1, D, 0, V, 5, major, 0, A4
221, 0, 0, 1, 0, 0, 1, 0, 0, 0, 1, 0, 0, 1, D, 0, i, 1, minor, 0, D4
