1, 0, 0, 1, 0, 0, 0, 0, 1, 0, 0, 0, 1, 1, G, 1, I, 1, major, 0, G4
2, 0, 0, 1, 0, 0, 0, 0, 1, 0, 0, 0, 1, 1, G, 1, I, 1, major, 0, G4
2, 0, 0, 1, 0, 0, 0, 0, 1, 0, 0, 0, 1, 1, G, 1, I6, 1, major, 1, G5
2, 0, 0, 1, 0, 0, 0, 1, 0, 0, 1, 0, 0, 1, G, 1, V64, 5, major, 2, D5
2, 0, 0, 1, 0, 0, 0, 0, 1, 0, 0, 0, 1, 1, G, 1, I, 1, major, 0, G4
3, 0, 0, 1, 0, 0, 0, 1, 0, 0, 1, 0, 0, 1, G, 1, V6, 5, major, 1, D6
3, 0, 0, 1, 0, 0, 0, 1, 0, 0, 1, 0, 0, 1, G, 1, V, 5, major, 0, D5
3, 0, 0, 1, 0, 0, 0, 0, 1, 0, 0, 0, 1, 1, G, 1, I, 1, major, 0, G4
3, 0, 0, 1, 0, 0, 1, 0, 1, 0, 0, 0, 1, 2, C, 1, V42/IV, 5, major, 3, G4, G, 1, IV, 4, major, 0, C5
4, 0, 0, 1, 0, 1, 0, 0, 1, 0, 0, 0, 1, 1, G, 1, vi7, 6, minor, 0, E5
4, 1, 0, 1, 0, 0, 0, 1, 0, 0, 1, 0, 0, 1, G, 1, V65, 5, major, 1, D6
4, 0, 0, 1, 0, 0, 0, 0, 1, 0, 0, 0, 1, 1, G, 1, I, 1, major, 0, G4
5, 0, 0, 1, 0, 0, 0, 0, 1, 0, 0, 0, 1, 1, G, 1, I, 1, major, 0, G4
6, 0, 0, 1, 0, 0, 0, 0, 1, 0, 0, 0, 1, 1, G, 1, I, 1, major, 0, G4
6, 0, 0, 1, 0, 0, 0, 0, 1, 0, 0, 0, 1, 1, G, 1, I6, 1, major, 1, G5
6, 0, 0, 1, 0, 0, 0, 1, 0, 0, 1, 0, 0, 1, G, 1, V64, 5, major, 2, D5
6, 0, 0, 1, 0, 0, 0, 0, 1, 0, 0, 0, 1, 1, G, 1, I, 1, major, 0, G4
7, 0, 0, 1, 0, 0, 0, 1, 0, 0, 1, 0, 0, 1, G, 1, V6, 5, major, 1, D6
7, 0, 0, 1, 0, 0, 0, 1, 0, 0, 1, 0, 0, 1, G, 1, V, 5, major, 0, D5
7, 0, 0, 1, 0, 0, 0, 0, 1, 0, 0, 0, 1, 1, G, 1, I, 1, major, 0, G4
7, 0, 0, 1, 0, 0, 1, 0, 1, 0, 0, 0, 1, 2, C, 1, V42/IV, 5, major, 3, G4, G, 1, IV, 4, major, 0, C5
8, 0, 0, 1, 0, 1, 0, 0, 1, 0, 0, 0, 1, 1, G, 1, vi7, 6, minor, 0, E5
8, 1, 0, 1, 0, 0, 0, 1, 0, 0, 1, 0, 0, 1, G, 1, V65, 5, major, 1, D6
8, 0, 0, 1, 0, 0, 0, 0, 1, 0, 0, 0, 1, 1, G, 1, I, 1, major, 0, G4
9, 1, 0, 0, 0, 1, 0, 0, 0, 0, 1, 0, 0, 1, G, 1, ii6, 2, minor, 1, A5
10, 0, 0, 1, 0, 0, 0, 0, 1, 0, 0, 0, 1, 1, G, 1, I6, 1, major, 1, G5
11, 1, 0, 0, 0, 1, 0, 0, 1, 0, 0, 0, 0, 1, G, 1, IV, 4, major, 0, C5
11, 0, 0, 1, 0, 0, 0, 1, 0, 0, 1, 0, 0, 1, G, 1, V, 5, major, 0, D5
12, 0, 0, 1, 0, 0, 0, 0, 1, 0, 0, 0, 1, 1, G, 1, I, 1, major, 0, G4
13, 1, 0, 0, 0, 1, 0, 0, 0, 0, 1, 0, 0, 1, G, 1, ii6, 2, minor, 1, A5
14, 0, 1, 0, 0, 1, 0, 0, 1, 0, 1, 0, 0, 2, D, 1, V65/V, 5, major, 1, A5, G, 1, V, 5, major, 0, D5
15, 1, 0, 1, 0, 0, 0, 1, 0, 0, 1, 0, 0, 1, G, 1, V7, 5, major, 0, D5
16, 0, 0, 1, 0, 0, 0, 0, 1, 0, 0, 0, 1, 1, G, 1, I64, 1, major, 2, G5
17, 1, 0, 1, 0, 0, 0, 1, 0, 0, 1, 0, 0, 1, G, 1, V7, 5, major, 0, D5
18, 0, 0, 1, 0, 0, 0, 0, 1, 0, 0, 0, 1, 1, G, 1, I64, 1, major, 2, G5
19, 0, 0, 1, 0, 0, 0, 1, 0, 0, 1, 0, 0, 1, G, 1, V, 5, major, 0, D5
19, 0, 0, 1, 0, 0, 0, 0, 1, 0, 0, 0, 1, 1, G, 1, I64, 1, major, 2, G5
19, 0, 0, 1, 0, 0, 0, 1, 0, 0, 1, 0, 0, 1, G, 1, V, 5, major, 0, D5
19, 0, 0, 1, 0, 0, 0, 0, 1, 0, 0, 0, 1, 1, G, 1, I64, 1, major, 2, G5
20, 0, 0, 1, 0, 0, 0, 1, 0, 0, 1, 0, 0, 1, G, 1, V, 5, major, 0, D5
21, 0, 0, 1, 0, 0, 0, 1, 0, 0, 1, 0, 0, 1, D, 1, I6, 1, major, 1, D5
21, 0, 1, 0, 0, 1, 0, 0, 1, 0, 1, 0, 0, 1, D, 1, V42, 5, major, 3, A4
21, 0, 0, 1, 0, 0, 0, 1, 0, 0, 1, 0, 0, 1, D, 1, I6, 1, major, 1, D5
21, 0, 1, 0, 0, 1, 0, 0, 0, 0, 1, 0, 0, 1, D, 1, V6, 5, major, 1, A5
22, 0, 0, 1, 0, 0, 0, 1, 0, 0, 1, 0, 0, 1, D, 1, I, 1, major, 0, D4
22, 0, 1, 0, 0, 1, 0, 0, 0, 0, 1, 0, 0, 1, D, 1, V6, 5, major, 1, A5
22, 0, 1, 0, 0, 1, 0, 0, 0, 0, 1, 0, 0, 1, D, 1, V, 5, major, 0, A4
23, 0, 1, 0, 0, 1, 0, 0, 1, 0, 1, 0, 0, 1, D, 1, V42, 5, major, 3, A4
23, 0, 0, 1, 0, 0, 0, 1, 0, 0, 1, 0, 0, 1, D, 1, I6, 1, major, 1, D5
23, 0, 1, 0, 0, 1, 0, 0, 0, 0, 1, 0, 0, 1, D, 1, V64, 5, major, 2, A4
23, 0, 0, 1, 0, 0, 0, 1, 0, 0, 1, 0, 0, 1, D, 1, I, 1, major, 0, D4
24, 0, 1, 0, 0, 1, 0, 0, 1, 0, 1, 0, 0, 1, D, 1, V65, 5, major, 1, A5
24, 0, 0, 1, 0, 0, 0, 1, 0, 0, 1, 0, 0, 1, D, 1, I, 1, major, 0, D4
25, 0, 0, 0, 0, 1, 0, 0, 1, 0, 0, 0, 1, 1, D, 1, ii6, 2, minor, 1, E5
25, 0, 0, 1, 0, 0, 0, 1, 0, 0, 1, 0, 0, 1, D, 1, I6, 1, major, 1, D5
26, 0, 0, 0, 0, 1, 0, 0, 1, 0, 0, 0, 1, 1, D, 1, ii6, 2, minor, 1, E5
26, 0, 0, 1, 0, 0, 0, 1, 0, 0, 1, 0, 0, 1, D, 1, I6, 1, major, 1, D5
27, 0, 0, 0, 0, 1, 0, 0, 1, 0, 0, 0, 1, 1, D, 1, ii6, 2, minor, 1, E5
27, 0, 0, 1, 0, 1, 0, 0, 0, 1, 0, 0, 1, 2, A, 1, V65/V, 5, major, 1, E6, D, 1, V, 5, major, 0, A4
28, 0, 1, 0, 0, 1, 0, 0, 0, 0, 1, 0, 0, 1, D, 1, V, 5, major, 0, A4
29, 0, 0, 1, 0, 0, 0, 1, 0, 0, 1, 0, 0, 1, D, 1, I6, 1, major, 1, D5
29, 0, 1, 0, 0, 1, 0, 0, 1, 0, 1, 0, 0, 1, D, 1, V42, 5, major, 3, A4
29, 0, 0, 1, 0, 0, 0, 1, 0, 0, 1, 0, 0, 1, D, 1, I6, 1, major, 1, D5
29, 0, 1, 0, 0, 1, 0, 0, 0, 0, 1, 0, 0, 1, D, 1, V6, 5, major, 1, A5
30, 0, 0, 1, 0, 0, 0, 1, 0, 0, 1, 0, 0, 1, D, 1, I, 1, major, 0, D4
30, 0, 1, 0, 0, 1, 0, 0, 0, 0, 1, 0, 0, 1, D, 1, V, 5, major, 0, A4
31, 0, 1, 0, 0, 1, 0, 0, 0, 0, 1, 0, 0, 1, D, 1, V, 5, major, 0, A4
32, 0, 1, 0, 0, 1, 0, 0, 0, 0, 1, 0, 0, 1, D, 1, V, 5, major, 0, A4
33, 0, 1, 0, 0, 1, 0, 0, 0, 0, 1, 0, 0, 1, D, 1, V, 5, major, 0, A4
34, 0, 1, 0, 0, 1, 0, 0, 0, 0, 1, 0, 0, 1, D, 1, V, 5, major, 0, A4
35, 0, 0, 0, 0, 1, 0, 0, 1, 0, 0, 0, 1, 1, D, 1, ii6, 2, minor, 1, E5
35, 0, 1, 0, 0, 1, 0, 0, 0, 0, 1, 0, 0, 1, D, 1, V, 5, major, 0, A4
36, 0, 0, 1, 0, 0, 0, 1, 0, 0, 1, 0, 0, 1, D, 1, I, 1, major, 0, D4
37, 0, 1, 0, 0, 1, 0, 0, 1, 0, 1, 0, 0, 1, D, 1, V43, 5, major, 2, A4
38, 0, 0, 1, 0, 0, 0, 1, 0, 0, 1, 0, 0, 1, D, 1, I, 1, major, 0, D4
39, 0, 1, 0, 0, 1, 0, 0, 1, 0, 1, 0, 0, 1, D, 1, V65, 5, major, 1, A5
40, 0, 0, 1, 0, 0, 0, 1, 0, 0, 1, 0, 0, 1, D, 1, I, 1, major, 0, D4
41, 1, 0, 1, 0, 0, 0, 1, 0, 0, 1, 0, 0, 2, G, 1, V7/IV, 5, major, 0, D5, D, 1, IV, 4, major, 0, G4
42, 0, 0, 1, 0, 0, 0, 0, 1, 0, 0, 0, 1, 1, D, 1, IV, 4, major, 0, G4
42, 0, 0, 1, 0, 0, 0, 1, 0, 0, 1, 0, 0, 1, D, 1, I64, 1, major, 2, D5
42, 0, 1, 0, 0, 1, 0, 0, 1, 0, 1, 0, 0, 1, D, 1, V7, 5, major, 0, A4
43, 0, 0, 1, 0, 0, 0, 1, 0, 0, 1, 0, 0, 1, D, 1, I, 1, major, 0, D4
44, 0, 0, 1, 0, 0, 0, 0, 1, 0, 0, 0, 1, 1, D, 1, IV, 4, major, 0, G4
45, 0, 0, 1, 0, 0, 0, 1, 0, 0, 1, 0, 0, 1, D, 1, I, 1, major, 0, D4
45, 0, 0, 0, 0, 1, 0, 0, 1, 0, 0, 0, 1, 1, D, 1, ii6, 2, minor, 1, E5
45, 0, 0, 1, 0, 0, 0, 1, 0, 0, 1, 0, 0, 1, D, 1, I64, 1, major, 2, D5
45, 0, 1, 0, 0, 1, 0, 0, 0, 0, 1, 0, 0, 1, D, 1, V, 5, major, 0, A4
46, 0, 0, 1, 0, 0, 0, 1, 0, 0, 1, 0, 0, 1, D, 1, I, 1, major, 0, D4
47, 0, 0, 1, 0, 0, 0, 0, 1, 0, 0, 0, 1, 1, D, 1, IV, 4, major, 0, G4
48, 0, 0, 1, 0, 0, 0, 1, 0, 0, 1, 0, 0, 1, D, 1, I, 1, major, 0, D4
48, 0, 0, 0, 0, 1, 0, 0, 1, 0, 0, 0, 1, 1, D, 1, ii6, 2, minor, 1, E5
48, 0, 0, 1, 0, 0, 0, 1, 0, 0, 1, 0, 0, 1, D, 1, I64, 1, major, 2, D5
48, 0, 1, 0, 0, 1, 0, 0, 0, 0, 1, 0, 0, 1, D, 1, V, 5, major, 0, A4
49, 0, 0, 1, 0, 0, 0, 1, 0, 0, 1, 0, 0, 1, D, 1, I, 1, major, 0, D4
49, 0, 1, 0, 0, 1, 0, 0, 1, 0, 1, 0, 0, 1, D, 1, V42, 5, major, 3, A4
50, 0, 0, 1, 0, 0, 0, 1, 0, 0, 1, 0, 0, 1, D, 1, I, 1, major, 0, D4
50, 0, 1, 0, 0, 1, 0, 0, 1, 0, 1, 0, 0, 1, D, 1, V42, 5, major, 3, A4
51, 0, 0, 1, 0, 0, 0, 1, 0, 0, 1, 0, 0, 1, D, 1, I, 1, major, 0, D4
51, 0, 1, 0, 0, 1, 0, 0, 1, 0, 1, 0, 0, 1, D, 1, V42, 5, major, 3, A4
51, 0, 0, 1, 0, 0, 0, 1, 0, 0, 1, 0, 0, 1, D, 1, I, 1, major, 0, D4
51, 0, 1, 0, 0, 1, 0, 0, 1, 0, 1, 0, 0, 1, D, 1, V42, 5, major, 3, A4
52, 0, 0, 1, 0, 0, 0, 1, 0, 0, 1, 0, 0, 1, D, 1, I, 1, major, 0, D4
53, 0, 0, 1, 0, 0, 1, 0, 0, 0, 1, 0, 0, 1, A, 0, iv, 4, minor, 0, D5
54, 1, 0, 0, 0, 1, 0, 0, 0, 0, 1, 0, 0, 1, A, 0, i, 1, minor, 0, A4
54, 0, 0, 1, 0, 1, 0, 0, 0, 1, 0, 0, 1, 1, A, 0, V42, 5, major, 3, E5
54, 1, 0, 0, 0, 1, 0, 0, 0, 0, 1, 0, 0, 1, A, 0, i6, 1, minor, 1, A5
54, 0, 0, 0, 0, 1, 0, 0, 0, 1, 0, 0, 1, 1, A, 0, V6, 5, major, 1, E6
55, 1, 0, 0, 0, 1, 0, 0, 0, 0, 1, 0, 0, 1, A, 0, i, 1, minor, 0, A4
55, 0, 0, 1, 0, 1, 0, 0, 0, 1, 0, 0, 1, 1, A, 0, V43, 5, major, 2, E5
55, 1, 0, 0, 0, 1, 0, 0, 0, 0, 1, 0, 0, 1, A, 0, i6, 1, minor, 1, A5
55, 0, 0, 1, 0, 1, 0, 0, 0, 1, 0, 0, 1, 1, A, 0, V43, 5, major, 2, E5
56, 1, 0, 0, 0, 1, 0, 0, 0, 0, 1, 0, 0, 1, E, 0, iv, 4, minor, 0, A4
57, 0, 0, 0, 0, 1, 0, 0, 1, 0, 0, 0, 1, 1, E, 0, i, 1, minor, 0, E4
57, 0, 0, 0, 1, 0, 0, 1, 0, 0, 1, 0, 1, 1, E, 0, V42, 5, major, 3, B4
57, 0, 0, 0, 0, 1, 0, 0, 1, 0, 0, 0, 1, 1, E, 0, i6, 1, minor, 1, E5
57, 0, 0, 0, 1, 0, 0, 1, 0, 0, 0, 0, 1, 1, E, 0, V6, 5, major, 1, B5
58, 0, 0, 0, 0, 1, 0, 0, 1, 0, 0, 0, 1, 1, E, 0, i, 1, minor, 0, E4
58, 1, 0, 0, 0, 1, 0, 0, 1, 0, 0, 1, 0, 1, E, 0, Ger65, 4, other, 1, A#5
59, 0, 0, 0, 1, 0, 0, 1, 0, 0, 0, 0, 1, 1, E, 0, V, 5, major, 0, B4
59, 0, 0, 0, 1, 0, 0, 1, 0, 0, 1, 0, 1, 1, E, 0, V7, 5, major, 0, B4
60, 0, 0, 0, 0, 1, 0, 0, 1, 0, 0, 0, 1, 1, E, 0, i64, 1, minor, 2, E5
60, 0, 0, 0, 1, 0, 0, 1, 0, 0, 0, 0, 1, 1, E, 0, V, 5, major, 0, B4
60, 0, 0, 0, 0, 1, 0, 0, 1, 0, 0, 0, 1, 1, E, 0, i64, 1, minor, 2, E5
61, 0, 0, 0, 1, 0, 0, 1, 0, 0, 0, 0, 1, 1, E, 0, V, 5, major, 0, B4
61, 0, 0, 0, 1, 0, 0, 1, 0, 0, 1, 0, 1, 1, E, 0, V7, 5, major, 0, B4
62, 0, 0, 0, 1, 0, 0, 1, 0, 0, 1, 0, 1, 1, E, 0, V7, 5, major, 0, B4
62, 0, 0, 0, 1, 0, 0, 1, 0, 0, 0, 0, 1, 1, E, 0, V, 5, major, 0, B4
62, 0, 0, 0, 0, 1, 0, 0, 1, 0, 0, 0, 1, 1, E, 0, i64, 1, minor, 2, E5
63, 0, 0, 0, 1, 0, 0, 1, 0, 0, 0, 0, 1, 1, E, 0, V, 5, major, 0, B4
63, 0, 0, 0, 1, 0, 0, 1, 0, 0, 1, 0, 1, 1, E, 0, V7, 5, major, 0, B4
64, 0, 0, 0, 0, 1, 0, 0, 1, 0, 0, 0, 1, 1, G, 1, vi, 6, minor, 0, E5
64, 0, 0, 1, 0, 1, 0, 0, 1, 0, 0, 0, 1, 1, G, 1, vi7, 6, minor, 0, E5
65, 1, 0, 0, 0, 1, 0, 0, 0, 0, 1, 0, 0, 1, G, 1, ii, 2, minor, 0, A4
65, 1, 0, 0, 0, 1, 0, 0, 1, 0, 1, 0, 0, 1, G, 1, ii7, 2, minor, 0, A4
66, 0, 0, 1, 0, 0, 0, 1, 0, 0, 1, 0, 0, 1, G, 1, V, 5, major, 0, D5
66, 1, 0, 1, 0, 0, 0, 1, 0, 0, 1, 0, 0, 1, G, 1, V7, 5, major, 0, D5
67, 1, 0, 1, 0, 0, 0, 1, 0, 0, 1, 0, 0, 1, G, 1, V7, 5, major, 0, D5
68, 1, 0, 1, 0, 0, 0, 1, 0, 0, 1, 0, 0, 1, G, 1, V7, 5, major, 0, D5
69, 1, 0, 1, 0, 0, 0, 1, 0, 0, 1, 0, 0, 1, G, 1, V7, 5, major, 0, D5
70, 1, 0, 1, 0, 0, 0, 1, 0, 0, 1, 0, 0, 1, G, 1, V7, 5, major, 0, D5
71, 1, 0, 1, 0, 0, 0, 1, 0, 0, 1, 0, 0, 1, G, 1, V7, 5, major, 0, D5
72, 1, 0, 1, 0, 0, 0, 1, 0, 0, 1, 0, 0, 1, G, 1, V7, 5, major, 0, D5
73, 1, 0, 1, 0, 0, 0, 1, 0, 0, 1, 0, 0, 1, G, 1, V7, 5, major, 0, D5
74, 1, 0, 0, 0, 1, 0, 0, 1, 0, 0, 0, 0, 1, C, 1, I6, 1, major, 1, C5
74, 1, 0, 0, 0, 0, 1, 0, 0, 0, 1, 0, 0, 1, C, 1, IV, 4, major, 0, F4
74, 1, 0, 0, 0, 1, 0, 0, 1, 0, 0, 0, 0, 1, C, 1, I64, 1, major, 2, C5
74, 0, 0, 1, 0, 0, 1, 0, 1, 0, 0, 0, 1, 1, C, 1, V7, 5, major, 0, G4
75, 1, 0, 0, 0, 1, 0, 0, 1, 0, 0, 0, 0, 1, C, 1, I, 1, major, 0, C4
76, 0, 0, 1, 0, 0, 1, 0, 1, 0, 0, 0, 1, 1, C, 1, V43, 5, major, 2, G4
77, 1, 0, 0, 0, 1, 0, 0, 1, 0, 0, 0, 0, 1, C, 1, I, 1, major, 0, C4
78, 0, 0, 1, 0, 0, 1, 0, 1, 0, 0, 0, 1, 1, C, 1, V65, 5, major, 1, G5
79, 1, 0, 0, 0, 1, 0, 0, 1, 0, 0, 0, 0, 1, C, 1, I, 1, major, 0, C4
80, 0, 0, 1, 0, 1, 0, 0, 0, 1, 0, 0, 1, 2, A, 0, V43/ii, 5, major, 2, E5, G, 1, ii, 2, minor, 0, A4
81, 1, 0, 0, 0, 1, 0, 0, 0, 0, 1, 0, 0, 1, G, 1, ii6, 2, minor, 1, A5
81, 0, 1, 0, 0, 1, 0, 0, 1, 0, 1, 0, 0, 2, D, 1, V65/V, 5, major, 1, A5, G, 1, V, 5, major, 0, D5
82, 0, 1, 0, 0, 1, 0, 0, 1, 0, 1, 0, 0, 2, D, 1, V65/V, 5, major, 1, A5, G, 1, V, 5, major, 0, D5
83, 0, 1, 0, 0, 1, 0, 0, 1, 0, 1, 0, 0, 2, D, 1, V65/V, 5, major, 1, A5, G, 1, V, 5, major, 0, D5
84, 0, 1, 0, 0, 1, 0, 0, 1, 0, 1, 0, 0, 2, D, 1, V65/V, 5, major, 1, A5, G, 1, V, 5, major, 0, D5
85, 0, 1, 0, 0, 1, 0, 0, 1, 0, 1, 0, 0, 2, D, 1, V65/V, 5, major, 1, A5, G, 1, V, 5, major, 0, D5
86, 0, 1, 0, 0, 1, 0, 0, 1, 0, 1, 0, 0, 2, D, 1, V65/V, 5, major, 1, A5, G, 1, V, 5, major, 0, D5
87, 0, 1, 0, 0, 1, 0, 0, 1, 0, 1, 0, 0, 2, D, 1, V65/V, 5, major, 1, A5, G, 1, V, 5, major, 0, D5
88, 0, 0, 1, 0, 0, 0, 0, 1, 0, 0, 0, 1, 1, G, 1, I6, 1, major, 1, G5
88, 1, 0, 1, 0, 0, 0, 1, 0, 0, 1, 0, 0, 1, G, 1, V42, 5, major, 3, D5
88, 0, 0, 1, 0, 0, 0, 0, 1, 0, 0, 0, 1, 1, G, 1, I6, 1, major, 1, G5
88, 0, 0, 1, 0, 0, 0, 1, 0, 0, 1, 0, 0, 1, G, 1, V6, 5, major, 1, D6
89, 0, 0, 1, 0, 0, 0, 0, 1, 0, 0, 0, 1, 1, G, 1, I, 1, major, 0, G4
89, 0, 0, 1, 0, 0, 0, 1, 0, 0, 1, 0, 0, 1, G, 1, V6, 5, major, 1, D6
89, 0, 0, 1, 0, 0, 0, 1, 0, 0, 1, 0, 0, 1, G, 1, V, 5, major, 0, D5
90, 1, 0, 1, 0, 0, 0, 1, 0, 0, 1, 0, 0, 1, G, 1, V42, 5, major, 3, D5
90, 0, 0, 1, 0, 0, 0, 0, 1, 0, 0, 0, 1, 1, G, 1, I6, 1, major, 1, G5
90, 0, 0, 1, 0, 0, 0, 1, 0, 0, 1, 0, 0, 1, G, 1, V64, 5, major, 2, D5
90, 0, 0, 1, 0, 0, 0, 0, 1, 0, 0, 0, 1, 1, G, 1, I, 1, major, 0, G4
91, 1, 0, 1, 0, 0, 0, 1, 0, 0, 1, 0, 0, 1, G, 1, V65, 5, major, 1, D6
91, 0, 0, 1, 0, 0, 0, 0, 1, 0, 0, 0, 1, 1, G, 1, I, 1, major, 0, G4
92, 1, 0, 0, 0, 1, 0, 0, 0, 0, 1, 0, 0, 1, G, 1, ii6, 2, minor, 1, A5
92, 0, 0, 1, 0, 0, 0, 0, 1, 0, 0, 0, 1, 1, G, 1, I6, 1, major, 1, G5
93, 1, 0, 0, 0, 1, 0, 0, 0, 0, 1, 0, 0, 1, G, 1, ii6, 2, minor, 1, A5
93, 0, 0, 1, 0, 0, 0, 0, 1, 0, 0, 0, 1, 1, G, 1, I6, 1, major, 1, G5
94, 1, 0, 0, 0, 1, 0, 0, 0, 0, 1, 0, 0, 1, G, 1, ii6, 2, minor, 1, A5
94, 0, 1, 0, 0, 1, 0, 0, 1, 0, 1, 0, 0, 2, D, 1, V65/V, 5, major, 1, A5, G, 1, V, 5, major, 0, D5
95, 0, 0, 1, 0, 0, 0, 1, 0, 0, 1, 0, 0, 1, G, 1, V, 5, major, 0, D5
96, 0, 0, 1, 0, 0, 0, 1, 0, 0, 1, 0, 0, 1, G, 1, V, 5, major, 0, D5
97, 0, 0, 1, 0, 0, 0, 1, 0, 0, 1, 0, 0, 1, G, 1, V, 5, major, 0, D5
98, 0, 0, 1, 0, 0, 0, 1, 0, 0, 1, 0, 0, 1, G, 1, V, 5, major, 0, D5
99, 0, 0, 1, 0, 0, 0, 1, 0, 0, 1, 0, 0, 1, G, 1, V, 5, major, 0, D5
100, 0, 0, 1, 0, 0, 0, 1, 0, 0, 1, 0, 0, 1, G, 1, V, 5, major, 0, D5
101, 0, 0, 1, 0, 0, 0, 1, 0, 0, 1, 0, 0, 1, G, 1, V, 5, major, 0, D5
102, 1, 0, 0, 0, 1, 0, 0, 0, 0, 1, 0, 0, 1, G, 1, ii6, 2, minor, 1, A5
102, 0, 0, 1, 0, 0, 0, 0, 1, 0, 0, 0, 1, 1, G, 1, I64, 1, major, 2, G5
102, 0, 0, 1, 0, 0, 0, 1, 0, 0, 1, 0, 0, 1, G, 1, V, 5, major, 0, D5
103, 0, 0, 1, 0, 0, 0, 0, 1, 0, 0, 0, 1, 1, G, 1, I, 1, major, 0, G4
104, 1, 0, 1, 0, 0, 0, 1, 0, 0, 1, 0, 0, 1, G, 1, V43, 5, major, 2, D5
105, 0, 0, 1, 0, 0, 0, 0, 1, 0, 0, 0, 1, 1, G, 1, I, 1, major, 0, G4
106, 1, 0, 1, 0, 0, 0, 1, 0, 0, 1, 0, 0, 1, G, 1, V65, 5, major, 1, D6
107, 0, 0, 1, 0, 0, 0, 0, 1, 0, 0, 0, 1, 1, G, 1, I, 1, major, 0, G4
108, 0, 0, 1, 0, 0, 1, 0, 1, 0, 0, 0, 1, 2, C, 1, V65/IV, 5, major, 1, G5, G, 1, IV, 4, major, 0, C5
108, 0, 0, 1, 0, 0, 1, 0, 0, 1, 0, 0, 1, 2, A, 0, viio65/ii, 7, diminished, 1, G#5, G, 1, ii, 2, minor, 0, A4
109, 1, 0, 0, 0, 1, 0, 0, 0, 0, 1, 0, 0, 1, G, 1, ii6, 2, minor, 1, A5
109, 0, 0, 1, 0, 0, 0, 0, 1, 0, 0, 0, 1, 1, G, 1, I64, 1, major, 2, G5
109, 1, 0, 1, 0, 0, 0, 1, 0, 0, 1, 0, 0, 1, G, 1, V7, 5, major, 0, D5
110, 0, 0, 1, 0, 0, 0, 0, 1, 0, 0, 0, 1, 1, G, 1, I, 1, major, 0, G4
111, 1, 0, 0, 0, 1, 0, 0, 1, 0, 0, 0, 0, 1, G, 1, IV, 4, major, 0, C5
112, 0, 0, 1, 0, 0, 0, 0, 1, 0, 0, 0, 1, 1, G, 1, I, 1, major, 0, G4
112, 1, 0, 0, 0, 1, 0, 0, 0, 0, 1, 0, 0, 1, G, 1, ii6, 2, minor, 1, A5
112, 0, 0, 1, 0, 0, 0, 0, 1, 0, 0, 0, 1, 1, G, 1, I64, 1, major, 2, G5
112, 0, 0, 1, 0, 0, 0, 1, 0, 0, 1, 0, 0, 1, G, 1, V, 5, major, 0, D5
113, 0, 0, 1, 0, 0, 0, 0, 1, 0, 0, 0, 1, 1, G, 1, I, 1, major, 0, G4
114, 1, 0, 0, 0, 1, 0, 0, 1, 0, 0, 0, 0, 1, G, 1, IV, 4, major, 0, C5
115, 0, 0, 1, 0, 0, 0, 0, 1, 0, 0, 0, 1, 1, G, 1, I, 1, major, 0, G4
115, 1, 0, 0, 0, 1, 0, 0, 0, 0, 1, 0, 0, 1, G, 1, ii6, 2, minor, 1, A5
115, 0, 0, 1, 0, 0, 0, 0, 1, 0, 0, 0, 1, 1, G, 1, I64, 1, major, 2, G5
115, 0, 0, 1, 0, 0, 0, 1, 0, 0, 1, 0, 0, 1, G, 1, V, 5, major, 0, D5
116, 0, 0, 1, 0, 0, 0, 0, 1, 0, 0, 0, 1, 1, G, 1, I, 1, major, 0, G4
116, 1, 0, 1, 0, 0, 0, 1, 0, 0, 1, 0, 0, 1, G, 1, V42, 5, major, 3, D5
117, 0, 0, 1, 0, 0, 0, 0, 1, 0, 0, 0, 1, 1, G, 1, I, 1, major, 0, G4
117, 1, 0, 1, 0, 0, 0, 1, 0, 0, 1, 0, 0, 1, G, 1, V42, 5, major, 3, D5
118, 0, 0, 1, 0, 0, 0, 0, 1, 0, 0, 0, 1, 1, G, 1, I, 1, major, 0, G4
118, 1, 0, 1, 0, 0, 0, 1, 0, 0, 1, 0, 0, 1, G, 1, V42, 5, major, 3, D5
119, 0, 0, 1, 0, 0, 0, 0, 1, 0, 0, 0, 1, 1, G, 1, I, 1, major, 0, G4
119, 1, 0, 1, 0, 0, 0, 1, 0, 0, 1, 0, 0, 1, G, 1, V42, 5, major, 3, D5
120, 0, 0, 1, 0, 0, 0, 0, 1, 0, 0, 0, 1, 1, G, 1, I, 1, major, 0, G4
120, 1, 0, 1, 0, 0, 0, 1, 0, 0, 1, 0, 0, 1, G, 1, V42, 5, major, 3, D5
120, 0, 0, 1, 0, 0, 0, 0, 1, 0, 0, 0, 1, 1, G, 1, I, 1, major, 0, G4
120, 1, 0, 1, 0, 0, 0, 1, 0, 0, 1, 0, 0, 1, G, 1, V42, 5, major, 3, D5
121, 0, 0, 1, 0, 0, 0, 0, 1, 0, 0, 0, 1, 1, G, 1, I, 1, major, 0, G4
121, 1, 0, 1, 0, 0, 0, 1, 0, 0, 1, 0, 0, 1, G, 1, V7, 5, major, 0, D5
122, 0, 0, 1, 0, 0, 0, 0, 1, 0, 0, 0, 1, 1, G, 1, I, 1, major, 0, G4
