1, 1, 0, 0, 0, 1, 0, 0, 1, 0, 0, 0, 0, 1, C, 1, I, 1, major, 0, C4
2, 1, 0, 0, 0, 1, 0, 0, 1, 0, 0, 0, 0, 1, C, 1, I, 1, major, 0, C4
2, 1, 0, 1, 0, 0, 0, 1, 0, 0, 1, 0, 0, 1, G, 1, V42, 5, major, 3, D5
3, 0, 0, 1, 0, 0, 0, 0, 1, 0, 0, 0, 1, 1, G, 1, I6, 1, major, 1, G5
4, 0, 0, 1, 0, 0, 0, 0, 1, 0, 0, 0, 1, 1, G, 1, I6, 1, major, 1, G5
5, 0, 0, 1, 0, 0, 1, 0, 0, 0, 0, 1, 0, 1, Bb, 1, I, 1, major, 0, Bb4
6, 0, 0, 1, 0, 0, 1, 0, 0, 0, 0, 1, 0, 1, Bb, 1, I, 1, major, 0, Bb4
6, 1, 0, 0, 0, 1, 0, 0, 1, 0, 0, 1, 0, 1, F, 1, V42, 5, major, 3, C5
7, 1, 0, 0, 0, 0, 1, 0, 0, 0, 1, 0, 0, 1, F, 1, I6, 1, major, 1, F5
8, 1, 0, 0, 0, 0, 1, 0, 0, 1, 0, 0, 0, 1, F, 1, i6, 1, minor, 1, F5
9, 0, 0, 1, 0, 0, 1, 0, 1, 0, 0, 0, 1, 1, C, 0, V7, 5, major, 0, G4
9, 1, 0, 1, 0, 0, 1, 0, 0, 0, 1, 0, 0, 1, C, 0, iihalfdim43, 2, minor, 2, D5
10, 0, 0, 1, 0, 0, 1, 0, 1, 0, 0, 0, 1, 1, C, 0, V7, 5, major, 0, G4
10, 1, 0, 1, 0, 0, 1, 0, 0, 0, 1, 0, 0, 1, C, 0, iihalfdim43, 2, minor, 2, D5
10, 0, 0, 1, 0, 0, 1, 0, 1, 0, 0, 0, 1, 1, C, 0, V7, 5, major, 0, G4
10, 1, 0, 1, 0, 0, 1, 0, 0, 0, 1, 0, 0, 1, C, 0, iihalfdim43, 2, minor, 2, D5
11, 0, 0, 1, 0, 0, 1, 0, 1, 0, 0, 0, 1, 1, C, 0, V7, 5, major, 0, G4
12, 1, 0, 0, 1, 0, 0, 0, 1, 0, 0, 0, 0, 1, C, 0, i, 1, minor, 0, C4
13, 0, 0, 1, 0, 0, 0, 0, 1, 0, 0, 0, 1, 1, C, 0, V, 5, major, 0, G4
14, 0, 0, 1, 0, 0, 0, 0, 1, 0, 0, 0, 1, 1, C, 0, V, 5, major, 0, G4
15, 0, 0, 1, 0, 0, 0, 0, 1, 0, 0, 0, 1, 1, C, 0, V, 5, major, 0, G4
16, 0, 0, 1, 0, 0, 0, 0, 1, 0, 0, 0, 1, 1, C, 0, V, 5, major, 0, G4
17, 0, 0, 1, 0, 0, 0, 0, 1, 0, 0, 0, 1, 1, C, 0, V, 5, major, 0, G4
18, 0, 0, 1, 0, 0, 1, 0, 0, 0, 1, 0, 0, 1, D, 0, i, 1, minor, 0, D4
19, 0, 0, 1, 0, 0, 1, 0, 0, 0, 1, 0, 0, 1, D, 0, i, 1, minor, 0, D4
19, 0, 0, 1, 0, 1, 0, 0, 0, 1, 0, 0, 1, 1, A, 0, V42, 5, major, 3, E5
20, 1, 0, 0, 0, 1, 0, 0, 0, 0, 1, 0, 0, 1, A, 0, i6, 1, minor, 1, A5
21, 1, 0, 0, 0, 1, 0, 0, 0, 0, 1, 0, 0, 1, A, 0, i6, 1, minor, 1, A5
22, 1, 0, 0, 0, 1, 0, 0, 0, 0, 0, 1, 0, 1, E, 0, It6, 4, other, 1, A#5
23, 0, 0, 0, 1, 0, 0, 1, 0, 0, 1, 0, 1, 1, E, 0, V7, 5, major, 0, B4
23, 0, 0, 0, 0, 1, 0, 0, 1, 0, 0, 0, 1, 1, E, 0, i64, 1, minor, 2, E5
24, 0, 0, 0, 1, 0, 0, 1, 0, 0, 1, 0, 1, 1, E, 0, V7, 5, major, 0, B4
24, 0, 0, 0, 0, 1, 0, 0, 1, 0, 0, 0, 1, 1, E, 0, i64, 1, minor, 2, E5
25, 0, 0, 0, 1, 0, 0, 1, 0, 0, 1, 0, 1, 1, E, 0, V7, 5, major, 0, B4
25, 0, 0, 0, 0, 1, 0, 0, 1, 0, 0, 0, 1, 1, E, 0, i64, 1, minor, 2, E5
26, 0, 0, 0, 1, 0, 0, 1, 0, 0, 1, 0, 1, 1, E, 0, V7, 5, major, 0, B4
26, 0, 0, 0, 0, 1, 0, 0, 1, 0, 0, 0, 1, 1, E, 0, i64, 1, minor, 2, E5
27, 0, 0, 0, 1, 0, 0, 1, 0, 0, 0, 0, 1, 1, E, 0, V, 5, major, 0, B4
27, 0, 0, 0, 0, 1, 0, 0, 1, 0, 0, 0, 1, 1, E, 0, i64, 1, minor, 2, E5
27, 0, 0, 0, 1, 0, 0, 1, 0, 0, 0, 0, 1, 1, E, 0, V, 5, major, 0, B4
27, 0, 0, 0, 0, 1, 0, 0, 1, 0, 0, 0, 1, 1, E, 0, i64, 1, minor, 2, E5
28, 0, 0, 0, 1, 0, 0, 1, 0, 0, 0, 0, 1, 1, E, 0, V, 5, major, 0, B4
28, 0, 0, 0, 0, 1, 0, 0, 1, 0, 0, 0, 1, 1, E, 0, i64, 1, minor, 2, E5
28, 0, 0, 0, 1, 0, 0, 1, 0, 0, 0, 0, 1, 1, E, 0, V, 5, major, 0, B4
28, 0, 0, 0, 0, 1, 0, 0, 1, 0, 0, 0, 1, 1, E, 0, i64, 1, minor, 2, E5
29, 0, 0, 0, 1, 0, 0, 1, 0, 0, 0, 0, 1, 1, E, 0, V, 5, major, 0, B4
30, 0, 0, 0, 1, 0, 0, 1, 0, 0, 0, 0, 1, 1, E, 0, V, 5, major, 0, B4
31, 0, 0, 0, 1, 0, 0, 1, 0, 0, 0, 0, 1, 1, E, 0, V, 5, major, 0, B4
32, 0, 0, 0, 1, 0, 0, 1, 0, 0, 0, 0, 1, 1, E, 0, V, 5, major, 0, B4
33, 0, 0, 0, 1, 0, 0, 1, 0, 0, 1, 0, 1, 1, E, 0, V7, 5, major, 0, B4
34, 0, 0, 0, 1, 0, 0, 1, 0, 0, 1, 0, 1, 1, E, 0, V7, 5, major, 0, B4
35, 0, 0, 0, 0, 1, 0, 0, 0, 1, 0, 0, 1, 1, E, 1, I, 1, major, 0, E4
35, 0, 0, 0, 1, 0, 0, 1, 0, 0, 1, 0, 1, 1, E, 1, V7, 5, major, 0, B4
35, 0, 1, 0, 0, 1, 0, 0, 0, 1, 0, 0, 0, 1, E, 1, vi, 6, minor, 0, C#5
36, 1, 0, 0, 1, 0, 0, 1, 0, 1, 0, 0, 0, 2, C#, 0, V7/vi, 5, major, 0, G#4, E, 1, vi, 6, minor, 0, C#5
36, 0, 1, 0, 0, 1, 0, 0, 0, 0, 1, 0, 0, 1, E, 1, IV, 4, major, 0, A4
37, 0, 0, 0, 1, 0, 0, 1, 0, 0, 1, 0, 1, 1, E, 1, V43, 5, major, 2, B4
37, 0, 0, 0, 0, 1, 0, 0, 0, 1, 0, 0, 1, 1, E, 1, I6, 1, major, 1, E5
37, 0, 1, 0, 0, 1, 0, 1, 0, 0, 1, 0, 0, 1, E, 1, ii65, 2, minor, 1, F#5
38, 0, 0, 0, 0, 1, 0, 0, 0, 1, 0, 0, 1, 1, E, 1, I64, 1, major, 2, E5
38, 0, 0, 0, 1, 0, 0, 1, 0, 0, 1, 0, 1, 1, E, 1, V7, 5, major, 0, B4
39, 0, 0, 0, 0, 1, 0, 0, 0, 1, 0, 0, 1, 1, E, 1, I, 1, major, 0, E4
39, 0, 0, 0, 1, 0, 0, 1, 0, 0, 1, 0, 1, 1, E, 1, V7, 5, major, 0, B4
39, 0, 1, 0, 0, 1, 0, 0, 0, 1, 0, 0, 0, 1, E, 1, vi, 6, minor, 0, C#5
40, 1, 0, 0, 1, 0, 0, 1, 0, 1, 0, 0, 0, 2, C#, 0, V7/vi, 5, major, 0, G#4, E, 1, vi, 6, minor, 0, C#5
40, 0, 1, 0, 0, 1, 0, 0, 0, 0, 1, 0, 0, 1, E, 1, IV, 4, major, 0, A4
41, 0, 0, 0, 0, 1, 0, 0, 0, 1, 0, 0, 1, 1, E, 1, I64, 1, major, 2, E5
41, 0, 0, 0, 1, 0, 0, 1, 0, 0, 1, 0, 1, 1, E, 1, V7, 5, major, 0, B4
42, 0, 0, 0, 0, 1, 0, 0, 0, 1, 0, 0, 1, 1, E, 1, I, 1, major, 0, E4
43, 0, 0, 0, 0, 1, 0, 0, 0, 1, 0, 0, 1, 1, E, 1, I, 1, major, 0, E4
44, 0, 0, 0, 0, 1, 0, 0, 0, 1, 0, 0, 1, 1, E, 1, I, 1, major, 0, E4
45, 0, 0, 0, 0, 1, 0, 0, 0, 1, 0, 0, 1, 1, E, 1, I, 1, major, 0, E4
46, 0, 0, 0, 0, 1, 0, 0, 0, 1, 0, 0, 1, 1, E, 1, I, 1, major, 0, E4
47, 0, 0, 0, 0, 1, 0, 0, 0, 1, 0, 0, 1, 1, E, 1, I, 1, major, 0, E4
48, 0, 0, 0, 0, 1, 0, 0, 0, 1, 0, 0, 1, 1, E, 1, I, 1, major, 0, E4
49, 0, 0, 0, 0, 1, 0, 0, 0, 1, 0, 0, 1, 1, E, 1, I, 1, major, 0, E4
50, 0, 0, 0, 0, 1, 0, 0, 0, 1, 0, 0, 1, 1, E, 1, I, 1, major, 0, E4
50, 0, 0, 0, 1, 0, 0, 1, 0, 0, 1, 0, 1, 1, E, 1, V7, 5, major, 0, B4
51, 0, 0, 0, 0, 1, 0, 0, 0, 1, 0, 0, 1, 1, E, 1, I64, 1, major, 2, E5
51, 0, 0, 0, 1, 0, 0, 1, 0, 0, 1, 0, 1, 1, E, 1, V7, 5, major, 0, B4
52, 0, 0, 0, 0, 1, 0, 0, 0, 1, 0, 0, 1, 1, E, 1, I, 1, major, 0, E4
52, 0, 0, 0, 1, 0, 0, 1, 0, 0, 1, 0, 1, 1, E, 1, V43, 5, major, 2, B4
53, 0, 0, 0, 0, 1, 0, 0, 0, 1, 0, 0, 1, 1, E, 1, I6, 1, major, 1, E5
53, 0, 0, 0, 1, 0, 0, 1, 0, 0, 1, 0, 1, 1, E, 1, V42, 5, major, 3, B4
54, 0, 0, 0, 0, 1, 0, 0, 0, 1, 0, 0, 1, 1, E, 1, I6, 1, major, 1, E5
54, 0, 0, 0, 1, 0, 0, 1, 0, 0, 1, 0, 1, 1, E, 1, V65, 5, major, 1, B5
55, 0, 0, 0, 0, 1, 0, 0, 0, 1, 0, 0, 1, 1, E, 1, I6, 1, major, 1, E5
55, 0, 0, 0, 1, 0, 0, 1, 0, 0, 1, 0, 1, 1, E, 1, V43, 5, major, 2, B4
56, 0, 0, 0, 0, 1, 0, 0, 0, 1, 0, 0, 1, 1, E, 1, I6, 1, major, 1, E5
56, 0, 0, 0, 1, 0, 0, 1, 0, 0, 1, 0, 1, 1, E, 1, V43, 5, major, 2, B4
57, 0, 0, 0, 0, 1, 0, 0, 0, 1, 0, 0, 1, 1, E, 1, I6, 1, major, 1, E5
57, 0, 0, 0, 1, 0, 0, 1, 0, 0, 1, 0, 1, 1, E, 1, V43, 5, major, 2, B4
58, 0, 0, 0, 0, 1, 0, 0, 0, 1, 0, 0, 1, 1, E, 1, I6, 1, major, 1, E5
58, 0, 0, 0, 1, 0, 0, 1, 0, 0, 1, 0, 1, 1, E, 1, V43, 5, major, 2, B4
58, 0, 0, 0, 0, 1, 0, 0, 0, 1, 0, 0, 1, 1, E, 1, I6, 1, major, 1, E5
58, 0, 0, 0, 1, 0, 0, 1, 0, 0, 1, 0, 1, 1, E, 1, V43, 5, major, 2, B4
59, 0, 0, 0, 0, 1, 0, 0, 0, 1, 0, 0, 1, 1, E, 1, I6, 1, major, 1, E5
59, 0, 0, 0, 1, 0, 0, 1, 0, 0, 1, 0, 1, 1, E, 1, V42, 5, major, 3, B4
59, 0, 0, 0, 0, 1, 0, 0, 0, 1, 0, 0, 1, 1, E, 1, I6, 1, major, 1, E5
59, 0, 0, 0, 1, 0, 0, 1, 0, 0, 1, 0, 1, 1, E, 1, V42, 5, major, 3, B4
59, 0, 0, 0, 0, 1, 0, 0, 0, 1, 0, 0, 1, 1, E, 1, I6, 1, major, 1, E5
59, 0, 0, 0, 1, 0, 0, 1, 0, 0, 1, 0, 1, 1, E, 1, V42, 5, major, 3, B4
59, 0, 0, 0, 0, 1, 0, 0, 0, 1, 0, 0, 1, 1, E, 1, I6, 1, major, 1, E5
59, 0, 0, 0, 1, 0, 0, 1, 0, 0, 1, 0, 1, 1, E, 1, V42, 5, major, 3, B4
60, 0, 0, 0, 0, 1, 0, 0, 0, 1, 0, 0, 1, 1, E, 1, I6, 1, major, 1, E5
60, 0, 0, 1, 0, 1, 0, 0, 0, 1, 0, 0, 1, 2, A, 1, V65/IV, 5, major, 1, E6, E, 1, IV, 4, major, 0, A4
61, 0, 0, 1, 0, 1, 0, 0, 0, 1, 0, 0, 1, 2, A, 1, V65/IV, 5, major, 1, E6, E, 1, IV, 4, major, 0, A4
62, 0, 1, 0, 0, 1, 0, 0, 0, 0, 1, 0, 0, 1, E, 1, IV, 4, major, 0, A4
63, 0, 1, 0, 0, 1, 0, 0, 0, 0, 1, 0, 0, 1, E, 1, IV, 4, major, 0, A4
64, 0, 1, 0, 0, 1, 0, 1, 0, 0, 0, 1, 0, 2, B, 1, V65/V, 5, major, 1, F#6, E, 1, V, 5, major, 0, B4
65, 0, 1, 0, 0, 1, 0, 1, 0, 0, 0, 1, 0, 2, B, 1, V65/V, 5, major, 1, F#6, E, 1, V, 5, major, 0, B4
66, 0, 0, 0, 0, 1, 0, 0, 0, 1, 0, 0, 1, 1, E, 1, I64, 1, major, 2, E5
67, 0, 0, 0, 0, 1, 0, 0, 0, 1, 0, 0, 1, 1, E, 1, I64, 1, major, 2, E5
68, 0, 0, 0, 0, 1, 0, 0, 0, 1, 0, 0, 1, 1, E, 1, I64, 1, major, 2, E5
69, 0, 0, 0, 0, 1, 0, 0, 0, 1, 0, 0, 1, 1, E, 1, I64, 1, major, 2, E5
70, 1, 0, 0, 1, 0, 0, 1, 0, 0, 1, 0, 0, 1, E, 1, viio7, 7, diminished, 0, D#5
71, 1, 0, 0, 1, 0, 0, 1, 0, 0, 1, 0, 0, 1, E, 1, viio7, 7, diminished, 0, D#5
72, 0, 1, 0, 1, 0, 0, 1, 0, 0, 0, 1, 0, 1, E, 1, viihalfdim7, 7, minor, 0, D#5
73, 0, 0, 0, 1, 0, 0, 1, 0, 0, 1, 0, 1, 1, E, 1, V65, 5, major, 1, B5
74, 0, 0, 0, 0, 1, 0, 0, 0, 1, 0, 0, 1, 1, E, 1, I, 1, major, 0, E4
74, 0, 0, 1, 0, 1, 0, 0, 0, 1, 0, 0, 1, 1, A, 0, V7, 5, major, 0, E5
75, 1, 0, 0, 0, 1, 0, 0, 0, 0, 1, 0, 0, 1, A, 0, i64, 1, minor, 2, A5
75, 0, 0, 1, 0, 1, 0, 0, 0, 1, 0, 0, 1, 1, A, 0, V7, 5, major, 0, E5
76, 1, 0, 0, 0, 1, 0, 0, 0, 0, 1, 0, 0, 1, E, 0, iv, 4, minor, 0, A4
76, 1, 0, 0, 0, 0, 0, 1, 0, 0, 1, 0, 0, 1, E, 0, iio6, 2, diminished, 1, F#5
77, 0, 0, 0, 0, 1, 0, 0, 1, 0, 0, 0, 1, 1, E, 0, i64, 1, minor, 2, E5
77, 0, 0, 0, 1, 0, 0, 1, 0, 0, 1, 0, 1, 1, E, 0, V7, 5, major, 0, B4
78, 0, 0, 0, 0, 1, 0, 0, 1, 0, 0, 0, 1, 1, E, 0, i, 1, minor, 0, E4
78, 0, 0, 1, 0, 1, 0, 0, 0, 1, 0, 0, 1, 1, A, 0, V7, 5, major, 0, E5
79, 0, 0, 1, 0, 1, 0, 0, 0, 1, 0, 0, 1, 1, A, 0, V7, 5, major, 0, E5
80, 0, 0, 1, 0, 1, 0, 0, 0, 1, 0, 0, 1, 1, A, 0, V7, 5, major, 0, E5
81, 0, 0, 1, 0, 1, 0, 0, 0, 1, 0, 0, 1, 1, A, 0, V7, 5, major, 0, E5
82, 1, 0, 0, 0, 1, 0, 0, 0, 0, 1, 0, 0, 1, A, 0, i, 1, minor, 0, A4
82, 1, 0, 0, 0, 1, 0, 0, 0, 0, 1, 0, 0, 1, A, 0, i6, 1, minor, 1, A5
82, 0, 0, 1, 0, 0, 1, 0, 0, 0, 0, 0, 1, 1, A, 0, iio6, 2, diminished, 1, B5
83, 1, 0, 0, 0, 1, 0, 0, 0, 0, 1, 0, 0, 1, A, 0, i64, 1, minor, 2, A5
83, 0, 0, 1, 0, 1, 0, 0, 0, 1, 0, 0, 1, 1, A, 0, V7, 5, major, 0, E5
84, 1, 0, 0, 0, 0, 1, 0, 0, 0, 1, 0, 0, 1, A, 0, VI, 6, major, 0, F5
84, 1, 0, 0, 0, 1, 0, 0, 1, 0, 0, 0, 0, 1, C, 1, I6, 1, major, 1, C5
84, 0, 0, 1, 0, 0, 1, 0, 0, 0, 1, 0, 0, 1, C, 1, ii6, 2, minor, 1, D5
85, 1, 0, 0, 0, 1, 0, 0, 1, 0, 0, 0, 0, 1, C, 1, I64, 1, major, 2, C5
85, 0, 0, 1, 0, 0, 1, 0, 1, 0, 0, 0, 1, 1, C, 1, V7, 5, major, 0, G4
86, 1, 0, 0, 0, 1, 0, 0, 1, 0, 0, 0, 0, 1, C, 1, I, 1, major, 0, C4
87, 1, 0, 0, 0, 1, 0, 0, 1, 0, 0, 0, 0, 1, C, 1, I, 1, major, 0, C4
87, 1, 0, 1, 0, 0, 0, 1, 0, 0, 1, 0, 0, 1, G, 1, V42, 5, major, 3, D5
88, 1, 0, 0, 0, 1, 0, 0, 1, 0, 0, 0, 0, 1, C, 1, I, 1, major, 0, C4
88, 1, 0, 0, 0, 0, 1, 0, 0, 0, 1, 0, 0, 1, F, 1, I6, 1, major, 1, F5
88, 0, 0, 1, 0, 0, 0, 0, 1, 0, 0, 1, 0, 1, F, 1, ii6, 2, minor, 1, G5
89, 1, 0, 0, 0, 0, 1, 0, 0, 0, 1, 0, 0, 1, F, 1, I64, 1, major, 2, F5
89, 1, 0, 0, 0, 1, 0, 0, 1, 0, 0, 1, 0, 1, F, 1, V7, 5, major, 0, C5
90, 0, 0, 1, 0, 0, 1, 0, 0, 0, 1, 0, 0, 1, F, 1, vi, 6, minor, 0, D5
90, 1, 0, 0, 0, 0, 1, 0, 0, 0, 1, 0, 0, 1, F, 1, I6, 1, major, 1, F5
90, 0, 0, 1, 0, 0, 0, 0, 1, 0, 0, 1, 0, 1, F, 1, ii6, 2, minor, 1, G5
91, 1, 0, 0, 0, 0, 1, 0, 0, 0, 1, 0, 0, 1, F, 1, I64, 1, major, 2, F5
91, 1, 0, 0, 0, 1, 0, 0, 1, 0, 0, 1, 0, 1, F, 1, V7, 5, major, 0, C5
92, 1, 0, 0, 0, 0, 1, 0, 0, 0, 1, 0, 0, 1, F, 1, I, 1, major, 0, F4
93, 1, 0, 0, 0, 0, 1, 0, 0, 0, 1, 0, 0, 1, F, 1, I, 1, major, 0, F4
93, 0, 0, 1, 0, 0, 1, 0, 1, 0, 0, 0, 1, 1, C, 1, V42, 5, major, 3, G4
94, 1, 0, 0, 0, 1, 0, 0, 1, 0, 0, 0, 0, 1, C, 1, I6, 1, major, 1, C5
95, 1, 0, 0, 1, 0, 0, 0, 1, 0, 0, 0, 0, 1, C, 1, i6, 1, minor, 1, C5
96, 0, 0, 1, 0, 0, 0, 1, 0, 0, 1, 0, 0, 1, G, 0, V, 5, major, 0, D5
97, 1, 0, 1, 0, 0, 0, 1, 0, 0, 1, 0, 0, 1, G, 0, V65, 5, major, 1, D6
98, 0, 0, 1, 0, 0, 0, 0, 1, 0, 0, 1, 0, 1, G, 0, i, 1, minor, 0, G4
98, 1, 0, 1, 0, 0, 0, 1, 0, 0, 1, 0, 0, 1, G, 0, V43, 5, major, 2, D5
99, 0, 0, 1, 0, 0, 0, 0, 1, 0, 0, 1, 0, 1, G, 0, i6, 1, minor, 1, G5
99, 1, 0, 1, 0, 0, 0, 1, 0, 0, 1, 0, 0, 1, G, 0, V65, 5, major, 1, D6
100, 0, 0, 1, 0, 0, 0, 0, 1, 0, 0, 1, 0, 1, G, 0, i, 1, minor, 0, G4
100, 1, 0, 1, 0, 0, 0, 1, 0, 0, 1, 0, 0, 1, G, 0, V43, 5, major, 2, D5
101, 0, 0, 1, 0, 0, 0, 0, 1, 0, 0, 1, 0, 1, G, 0, i6, 1, minor, 1, G5
101, 0, 0, 1, 0, 0, 1, 0, 1, 0, 0, 0, 1, 1, C, 0, V65, 5, major, 1, G5
102, 1, 0, 0, 1, 0, 0, 0, 1, 0, 0, 0, 0, 1, C, 0, i, 1, minor, 0, C4
102, 0, 0, 1, 0, 0, 1, 0, 1, 0, 0, 0, 1, 1, C, 0, V43, 5, major, 2, G4
103, 1, 0, 0, 1, 0, 0, 0, 1, 0, 0, 0, 0, 1, C, 0, i6, 1, minor, 1, C5
103, 0, 0, 1, 0, 0, 1, 0, 1, 0, 0, 0, 1, 1, C, 0, V65, 5, major, 1, G5
104, 1, 0, 0, 1, 0, 0, 0, 1, 0, 0, 0, 0, 1, C, 0, i, 1, minor, 0, C4
104, 0, 0, 1, 0, 0, 1, 0, 1, 0, 0, 0, 1, 1, C, 0, V43, 5, major, 2, G4
105, 1, 0, 0, 1, 0, 0, 0, 1, 0, 0, 0, 0, 1, C, 0, i6, 1, minor, 1, C5
105, 1, 0, 0, 0, 1, 0, 0, 1, 0, 0, 1, 0, 1, F, 0, V65, 5, major, 1, C6
106, 1, 0, 0, 0, 0, 1, 0, 0, 1, 0, 0, 0, 1, F, 0, i, 1, minor, 0, F4
106, 0, 1, 0, 0, 0, 1, 0, 0, 0, 0, 1, 0, 1, F, 0, iv64, 4, minor, 2, Bb4
107, 0, 1, 0, 0, 1, 0, 1, 0, 0, 0, 1, 0, 1, F, 0, bII42, 2, major, 3, Gb4
107, 0, 1, 0, 0, 0, 1, 0, 0, 1, 0, 0, 0, 2, Gb, 1, V6/bII, 5, major, 1, Db6, F, 0, bII, 2, major, 0, Gb4
108, 1, 0, 0, 1, 0, 1, 0, 0, 0, 1, 0, 0, 2, Bb, 0, V42/iv, 5, major, 3, F5, F, 0, iv, 4, minor, 0, Bb4
108, 0, 1, 0, 0, 0, 1, 0, 0, 0, 0, 1, 0, 1, F, 0, iv6, 4, minor, 1, Bb5
109, 0, 1, 0, 1, 0, 0, 0, 1, 0, 0, 1, 0, 2, Ab, 1, V42/III, 5, major, 3, Eb5, F, 0, III, 3, major, 0, Ab4
109, 1, 0, 0, 1, 0, 0, 0, 0, 1, 0, 0, 0, 1, F, 0, III6, 3, major, 1, Ab5
110, 1, 1, 0, 0, 0, 1, 0, 0, 1, 0, 0, 0, 1, F, 0, VI42, 6, major, 3, Db5
110, 0, 1, 0, 0, 0, 0, 1, 0, 0, 0, 1, 0, 1, F, 0, N6, 2, major, 1, Gb5
111, 1, 0, 0, 0, 1, 0, 0, 1, 0, 0, 1, 0, 1, F, 0, V42, 5, major, 3, C5
111, 1, 0, 0, 0, 0, 1, 0, 0, 1, 0, 0, 0, 1, F, 0, i6, 1, minor, 1, F5
112, 1, 0, 0, 0, 1, 0, 0, 1, 0, 0, 1, 0, 1, F, 0, V43, 5, major, 2, C5
112, 1, 0, 0, 0, 0, 1, 0, 0, 1, 0, 0, 0, 1, F, 0, i, 1, minor, 0, F4
113, 1, 0, 0, 0, 1, 0, 0, 1, 0, 0, 0, 0, 1, C, 1, I6, 1, major, 1, C5
113, 0, 0, 1, 0, 0, 1, 0, 1, 0, 0, 0, 1, 1, C, 1, V43, 5, major, 2, G4
114, 1, 0, 0, 0, 1, 0, 0, 1, 0, 0, 0, 0, 1, C, 1, I, 1, major, 0, C4
114, 0, 0, 1, 0, 0, 1, 0, 1, 0, 0, 0, 1, 1, C, 1, V43, 5, major, 2, G4
115, 1, 0, 0, 0, 1, 0, 0, 1, 0, 0, 0, 0, 1, C, 1, I6, 1, major, 1, C5
115, 0, 0, 1, 0, 0, 1, 0, 0, 1, 0, 0, 1, 2, C, 1, viio43/V, 7, diminished, 2, B4, F, 1, V, 5, major, 0, C5
116, 1, 0, 0, 0, 1, 0, 0, 1, 0, 0, 1, 0, 1, F, 1, V43, 5, major, 2, C5
117, 1, 0, 0, 0, 1, 0, 0, 1, 0, 0, 1, 0, 1, F, 1, V43, 5, major, 2, C5
118, 1, 0, 0, 0, 0, 1, 0, 0, 0, 1, 0, 0, 1, F, 1, I, 1, major, 0, F4
118, 1, 0, 0, 0, 1, 0, 0, 1, 0, 0, 1, 0, 1, F, 1, V43, 5, major, 2, C5
119, 1, 0, 0, 0, 0, 1, 0, 0, 0, 1, 0, 0, 1, F, 1, I6, 1, major, 1, F5
119, 0, 1, 0, 0, 1, 0, 0, 1, 0, 0, 1, 0, 2, F, 1, viio43/V, 7, diminished, 2, E5, Bb, 1, V, 5, major, 0, F5
120, 1, 0, 0, 1, 0, 1, 0, 0, 0, 1, 0, 0, 1, Bb, 1, V43, 5, major, 2, F5
121, 1, 0, 0, 1, 0, 1, 0, 0, 0, 1, 0, 0, 1, Bb, 1, V43, 5, major, 2, F5
122, 0, 0, 1, 0, 0, 1, 0, 0, 0, 0, 1, 0, 1, Bb, 1, I, 1, major, 0, Bb4
122, 1, 0, 0, 1, 0, 1, 0, 0, 0, 1, 0, 0, 1, Bb, 1, V43, 5, major, 2, F5
123, 0, 0, 1, 0, 0, 1, 0, 0, 0, 0, 1, 0, 1, Bb, 1, I6, 1, major, 1, Bb5
123, 1, 0, 0, 1, 0, 0, 1, 0, 0, 1, 0, 0, 2, Bb, 1, viio43/V, 7, diminished, 2, A5, Eb, 0, V, 5, major, 0, Bb4
124, 0, 0, 1, 0, 0, 1, 0, 0, 1, 0, 1, 0, 1, Eb, 0, V43, 5, major, 2, Bb4
125, 0, 0, 1, 0, 0, 1, 0, 0, 1, 0, 1, 0, 1, Eb, 0, V43, 5, major, 2, Bb4
126, 0, 0, 0, 1, 0, 0, 1, 0, 0, 0, 1, 0, 1, Eb, 0, i, 1, minor, 0, Eb4
126, 0, 0, 0, 1, 0, 0, 1, 0, 0, 0, 1, 0, 1, Eb, 0, i64, 1, minor, 2, Eb5
127, 0, 0, 0, 1, 0, 0, 1, 0, 0, 0, 1, 0, 1, Eb, 0, i64, 1, minor, 2, Eb5
128, 1, 0, 0, 1, 0, 1, 0, 0, 0, 1, 0, 0, 1, Bb, 1, V43, 5, major, 2, F5
129, 1, 0, 0, 1, 0, 1, 0, 0, 0, 1, 0, 0, 1, Bb, 1, V43, 5, major, 2, F5
130, 0, 1, 0, 0, 0, 1, 0, 0, 0, 0, 1, 0, 1, Bb, 1, i6, 1, minor, 1, Bb5
131, 0, 1, 0, 0, 0, 1, 0, 0, 0, 0, 1, 0, 1, Bb, 1, i6, 1, minor, 1, Bb5
132, 0, 0, 1, 0, 0, 0, 0, 1, 0, 0, 0, 1, 1, C, 0, V64, 5, major, 2, G4
133, 0, 0, 1, 0, 0, 0, 0, 1, 0, 0, 0, 1, 1, C, 0, V64, 5, major, 2, G4
134, 1, 0, 0, 1, 0, 0, 0, 1, 0, 0, 0, 0, 1, C, 0, i6, 1, minor, 1, C5
135, 1, 0, 0, 1, 0, 0, 0, 1, 0, 0, 0, 0, 1, C, 0, i6, 1, minor, 1, C5
136, 0, 1, 0, 0, 0, 1, 0, 0, 1, 0, 0, 0, 1, C, 0, N6, 2, major, 1, Db5
137, 1, 0, 0, 1, 0, 0, 1, 0, 0, 1, 0, 0, 2, G, 1, viio7/V, 7, diminished, 0, F#5, C, 0, V, 5, major, 0, G4
138, 0, 0, 1, 0, 0, 1, 0, 1, 0, 0, 0, 1, 1, C, 0, V7, 5, major, 0, G4
139, 0, 0, 1, 0, 0, 1, 0, 1, 0, 0, 0, 1, 1, C, 0, V7, 5, major, 0, G4
139, 1, 0, 0, 1, 0, 0, 0, 1, 0, 0, 0, 0, 1, C, 0, i64, 1, minor, 2, C5
139, 1, 0, 1, 0, 0, 0, 1, 0, 0, 1, 0, 0, 2, G, 1, V65/V, 5, major, 1, D6, C, 0, V, 5, major, 0, G4
140, 0, 0, 1, 0, 0, 1, 0, 1, 0, 0, 0, 1, 1, C, 0, V7, 5, major, 0, G4
141, 0, 0, 1, 0, 0, 1, 0, 1, 0, 0, 0, 1, 1, C, 0, V7, 5, major, 0, G4
141, 1, 0, 0, 1, 0, 0, 0, 1, 0, 0, 0, 0, 1, C, 0, i64, 1, minor, 2, C5
141, 1, 0, 1, 0, 0, 0, 1, 0, 0, 1, 0, 0, 2, G, 1, V65/V, 5, major, 1, D6, C, 0, V, 5, major, 0, G4
142, 0, 0, 1, 0, 0, 0, 0, 1, 0, 0, 0, 1, 1, C, 0, V, 5, major, 0, G4
142, 1, 0, 0, 1, 0, 0, 0, 1, 0, 0, 0, 0, 1, C, 0, i, 1, minor, 0, C4
142, 0, 0, 1, 0, 0, 0, 0, 1, 0, 0, 0, 1, 1, C, 0, V, 5, major, 0, G4
142, 1, 0, 0, 1, 0, 0, 1, 0, 0, 1, 0, 0, 2, G, 1, viio43/V, 7, diminished, 2, F#5, C, 0, V, 5, major, 0, G4
143, 0, 0, 1, 0, 0, 0, 0, 1, 0, 0, 0, 1, 1, C, 0, V, 5, major, 0, G4
143, 1, 0, 0, 1, 0, 0, 1, 0, 0, 1, 0, 0, 2, G, 1, viio43/V, 7, diminished, 2, F#5, C, 0, V, 5, major, 0, G4
143, 0, 0, 1, 0, 0, 0, 0, 1, 0, 0, 0, 1, 1, C, 0, V, 5, major, 0, G4
143, 1, 0, 0, 1, 0, 0, 1, 0, 0, 1, 0, 0, 2, G, 1, viio43/V, 7, diminished, 2, F#5, C, 0, V, 5, major, 0, G4
144, 0, 0, 1, 0, 0, 0, 0, 1, 0, 0, 0, 1, 1, C, 0, V, 5, major, 0, G4
145, 0, 0, 1, 0, 0, 0, 0, 1, 0, 0, 0, 1, 1, C, 0, V, 5, major, 0, G4
146, 0, 0, 1, 0, 0, 0, 0, 1, 0, 0, 0, 1, 1, C, 0, V, 5, major, 0, G4
147, 0, 0, 1, 0, 0, 0, 0, 1, 0, 0, 0, 1, 1, C, 0, V, 5, major, 0, G4
148, 0, 0, 1, 0, 0, 0, 0, 1, 0, 0, 0, 1, 1, C, 0, V, 5, major, 0, G4
149, 0, 0, 1, 0, 0, 0, 0, 1, 0, 0, 0, 1, 1, C, 0, V, 5, major, 0, G4
150, 0, 0, 1, 0, 0, 0, 0, 1, 0, 0, 0, 1, 1, C, 0, V, 5, major, 0, G4
151, 0, 0, 1, 0, 0, 0, 0, 1, 0, 0, 0, 1, 1, C, 0, V, 5, major, 0, G4
152, 0, 0, 1, 0, 0, 0, 0, 1, 0, 0, 0, 1, 1, C, 0, V, 5, major, 0, G4
153, 0, 0, 1, 0, 0, 0, 0, 1, 0, 0, 0, 1, 1, C, 0, V, 5, major, 0, G4
154, 0, 0, 1, 0, 0, 1, 0, 1, 0, 0, 0, 1, 1, C, 0, V7, 5, major, 0, G4
155, 0, 0, 1, 0, 0, 1, 0, 1, 0, 0, 0, 1, 1, C, 0, V7, 5, major, 0, G4
156, 0, 0, 1, 0, 0, 1, 0, 1, 0, 0, 0, 1, 1, C, 0, V7, 5, major, 0, G4
157, 0, 0, 1, 0, 0, 1, 0, 1, 0, 0, 0, 1, 1, C, 0, V7, 5, major, 0, G4
158, 0, 0, 1, 0, 0, 1, 0, 1, 0, 0, 0, 1, 1, C, 0, V7, 5, major, 0, G4
159, 0, 0, 1, 0, 0, 1, 0, 1, 0, 0, 0, 1, 1, C, 0, V7, 5, major, 0, G4
160, 0, 0, 1, 0, 0, 1, 0, 1, 0, 0, 0, 1, 1, C, 0, V7, 5, major, 0, G4
161, 0, 0, 1, 0, 0, 1, 0, 1, 0, 0, 0, 1, 1, C, 0, V7, 5, major, 0, G4
162, 0, 0, 1, 0, 0, 1, 0, 1, 0, 0, 0, 1, 1, C, 0, V7, 5, major, 0, G4
163, 0, 0, 1, 0, 0, 1, 0, 1, 0, 0, 0, 1, 1, C, 0, V7, 5, major, 0, G4
164, 0, 0, 1, 0, 0, 1, 0, 1, 0, 0, 0, 1, 1, C, 0, V7, 5, major, 0, G4
165, 0, 0, 1, 0, 0, 1, 0, 1, 0, 0, 0, 1, 1, C, 0, V7, 5, major, 0, G4
166, 0, 0, 1, 0, 0, 1, 0, 1, 0, 0, 0, 1, 1, C, 0, V7, 5, major, 0, G4
167, 0, 0, 1, 0, 0, 1, 0, 1, 0, 0, 0, 1, 1, C, 0, V7, 5, major, 0, G4
168, 0, 0, 1, 0, 0, 1, 0, 1, 0, 0, 0, 1, 1, C, 0, V7, 5, major, 0, G4
169, 0, 0, 1, 0, 0, 1, 0, 1, 0, 0, 0, 1, 1, C, 0, V7, 5, major, 0, G4
170, 1, 0, 0, 1, 0, 0, 0, 0, 1, 0, 0, 0, 1, Db, 1, V, 5, major, 0, Ab4
171, 0, 1, 0, 0, 0, 1, 0, 0, 1, 0, 0, 0, 1, Db, 1, I, 1, major, 0, Db4
172, 0, 0, 1, 0, 0, 1, 0, 0, 0, 0, 1, 0, 1, Eb, 1, V, 5, major, 0, Bb4
173, 0, 0, 0, 1, 0, 0, 0, 1, 0, 0, 1, 0, 1, Eb, 1, I, 1, major, 0, Eb4
174, 1, 0, 0, 1, 0, 1, 0, 0, 1, 0, 0, 0, 1, Eb, 1, ii7, 2, minor, 0, F4
174, 0, 0, 1, 0, 0, 1, 0, 0, 1, 0, 0, 1, 2, C, 0, viio42/vi, 7, diminished, 3, B4, Eb, 1, vi, 6, minor, 0, C5
174, 1, 0, 0, 1, 0, 0, 1, 0, 0, 1, 0, 0, 2, G, 1, viio65/V, 7, diminished, 1, F#5, C, 1, V, 5, major, 0, G4
174, 1, 0, 0, 1, 0, 0, 1, 0, 0, 1, 0, 0, 2, G, 1, viio7/V, 7, diminished, 0, F#5, C, 1, V, 5, major, 0, G4
175, 0, 0, 1, 0, 0, 0, 0, 1, 0, 0, 0, 1, 1, C, 1, V, 5, major, 0, G4
175, 0, 0, 1, 0, 0, 1, 0, 1, 0, 0, 0, 1, 1, C, 1, V7, 5, major, 0, G4
176, 0, 0, 1, 0, 0, 1, 0, 1, 0, 0, 0, 1, 1, C, 1, V7, 5, major, 0, G4
177, 0, 0, 1, 0, 0, 1, 0, 1, 0, 0, 0, 1, 1, C, 1, V7, 5, major, 0, G4
178, 0, 0, 1, 0, 0, 1, 0, 1, 0, 0, 0, 1, 1, C, 1, V7, 5, major, 0, G4
179, 0, 0, 1, 0, 0, 1, 0, 1, 0, 0, 0, 1, 1, C, 1, V7, 5, major, 0, G4
180, 0, 0, 1, 0, 0, 1, 0, 1, 0, 0, 0, 1, 1, C, 1, V7, 5, major, 0, G4
181, 0, 0, 1, 0, 0, 1, 0, 1, 0, 0, 0, 1, 1, C, 1, V7, 5, major, 0, G4
182, 0, 0, 1, 0, 0, 1, 0, 1, 0, 0, 0, 1, 1, C, 1, V7, 5, major, 0, G4
183, 0, 0, 1, 0, 0, 1, 0, 1, 0, 0, 0, 1, 1, C, 1, V7, 5, major, 0, G4
184, 1, 0, 0, 0, 0, 1, 0, 0, 0, 1, 0, 0, 1, C, 1, IV, 4, major, 0, F4
185, 1, 0, 0, 1, 0, 0, 1, 0, 1, 0, 0, 0, 1, C, 1, Ger65, 4, other, 1, F#5
186, 0, 0, 1, 0, 0, 1, 0, 1, 0, 0, 0, 1, 1, C, 1, V7, 5, major, 0, G4
186, 1, 0, 0, 1, 0, 0, 0, 1, 0, 0, 0, 0, 1, C, 1, i64, 1, minor, 2, C5
187, 0, 0, 1, 0, 0, 1, 0, 1, 0, 0, 0, 1, 1, C, 1, V7, 5, major, 0, G4
187, 1, 0, 0, 1, 0, 0, 0, 1, 0, 0, 0, 0, 1, C, 1, i64, 1, minor, 2, C5
188, 0, 0, 1, 0, 0, 1, 0, 1, 0, 0, 0, 1, 1, C, 1, V7, 5, major, 0, G4
188, 1, 0, 0, 1, 0, 0, 0, 1, 0, 0, 0, 0, 1, C, 1, i64, 1, minor, 2, C5
189, 0, 0, 1, 0, 0, 1, 0, 1, 0, 0, 0, 1, 1, C, 1, V7, 5, major, 0, G4
189, 1, 0, 0, 1, 0, 0, 0, 1, 0, 0, 0, 0, 1, C, 1, i64, 1, minor, 2, C5
190, 0, 0, 1, 0, 0, 0, 0, 1, 0, 0, 0, 1, 1, C, 1, V, 5, major, 0, G4
190, 1, 0, 0, 1, 0, 0, 0, 1, 0, 0, 0, 0, 1, C, 1, i64, 1, minor, 2, C5
190, 0, 0, 1, 0, 0, 0, 0, 1, 0, 0, 0, 1, 1, C, 1, V, 5, major, 0, G4
190, 1, 0, 0, 1, 0, 0, 0, 1, 0, 0, 0, 0, 1, C, 1, i64, 1, minor, 2, C5
191, 0, 0, 1, 0, 0, 0, 0, 1, 0, 0, 0, 1, 1, C, 1, V, 5, major, 0, G4
191, 1, 0, 0, 1, 0, 0, 0, 1, 0, 0, 0, 0, 1, C, 1, i64, 1, minor, 2, C5
191, 0, 0, 1, 0, 0, 0, 0, 1, 0, 0, 0, 1, 1, C, 1, V, 5, major, 0, G4
191, 1, 0, 0, 1, 0, 0, 0, 1, 0, 0, 0, 0, 1, C, 1, i64, 1, minor, 2, C5
192, 0, 0, 1, 0, 0, 0, 0, 1, 0, 0, 0, 1, 1, C, 1, V, 5, major, 0, G4
193, 0, 0, 1, 0, 0, 0, 0, 1, 0, 0, 0, 1, 1, C, 1, V, 5, major, 0, G4
194, 0, 0, 1, 0, 0, 0, 0, 1, 0, 0, 0, 1, 1, C, 1, V, 5, major, 0, G4
195, 0, 0, 1, 0, 0, 0, 0, 1, 0, 0, 0, 1, 1, C, 1, V, 5, major, 0, G4
196, 0, 0, 1, 0, 0, 1, 0, 1, 0, 0, 0, 1, 1, C, 1, V7, 5, major, 0, G4
197, 0, 0, 1, 0, 0, 1, 0, 1, 0, 0, 0, 1, 1, C, 1, V7, 5, major, 0, G4
198, 0, 1, 0, 0, 1, 0, 0, 0, 0, 1, 0, 0, 1, A, 1, I, 1, major, 0, A4
198, 0, 0, 0, 0, 1, 0, 0, 0, 1, 0, 0, 1, 1, A, 1, V, 5, major, 0, E5
198, 0, 1, 0, 0, 0, 0, 1, 0, 0, 1, 0, 0, 1, A, 1, vi, 6, minor, 0, F#5
199, 0, 1, 0, 0, 0, 1, 0, 0, 1, 0, 0, 1, 2, F#, 0, V7/vi, 5, major, 0, C#5, A, 1, vi, 6, minor, 0, F#5
199, 0, 0, 1, 0, 0, 0, 1, 0, 0, 1, 0, 0, 1, A, 1, IV, 4, major, 0, D5
200, 0, 0, 1, 0, 1, 0, 0, 0, 1, 0, 0, 1, 1, A, 1, V43, 5, major, 2, E5
200, 0, 1, 0, 0, 1, 0, 0, 0, 0, 1, 0, 0, 1, A, 1, I6, 1, major, 1, A5
200, 0, 0, 1, 0, 0, 0, 1, 0, 0, 1, 0, 1, 1, A, 1, ii65, 2, minor, 1, B5
201, 0, 1, 0, 0, 1, 0, 0, 0, 0, 1, 0, 0, 1, A, 1, I64, 1, major, 2, A5
201, 0, 0, 1, 0, 1, 0, 0, 0, 1, 0, 0, 1, 1, A, 1, V7, 5, major, 0, E5
202, 1, 0, 0, 0, 1, 0, 0, 0, 0, 1, 0, 0, 1, C, 1, vi, 6, minor, 0, A4
202, 0, 0, 0, 0, 1, 0, 0, 0, 1, 0, 0, 1, 1, C, 1, III6, 3, major, 1, E5
202, 1, 0, 0, 0, 0, 1, 0, 0, 0, 1, 0, 0, 1, C, 1, IV, 4, major, 0, F4
203, 1, 0, 0, 0, 1, 0, 0, 1, 0, 0, 0, 0, 1, C, 1, I, 1, major, 0, C4
203, 0, 0, 1, 0, 0, 1, 0, 0, 0, 1, 0, 0, 1, C, 1, ii, 2, minor, 0, D4
204, 1, 0, 0, 0, 1, 0, 0, 1, 0, 0, 0, 0, 1, C, 1, I64, 1, major, 2, C5
204, 0, 0, 1, 0, 0, 1, 0, 1, 0, 0, 0, 1, 1, C, 1, V7, 5, major, 0, G4
205, 1, 0, 0, 0, 1, 0, 0, 1, 0, 0, 0, 0, 1, C, 1, I, 1, major, 0, C4
206, 1, 0, 0, 0, 1, 0, 0, 1, 0, 0, 0, 0, 1, C, 1, I, 1, major, 0, C4
206, 0, 0, 1, 0, 0, 1, 0, 0, 1, 0, 0, 1, 2, A, 0, viio7/vi, 7, diminished, 0, G#5, C, 1, vi, 6, minor, 0, A4
206, 1, 0, 0, 0, 1, 0, 0, 0, 0, 1, 0, 0, 1, C, 1, vi, 6, minor, 0, A4
207, 0, 0, 1, 0, 1, 0, 0, 0, 1, 0, 0, 1, 2, A, 0, V7/vi, 5, major, 0, E5, C, 1, vi, 6, minor, 0, A4
207, 1, 0, 0, 0, 0, 1, 0, 0, 0, 1, 0, 0, 1, C, 1, IV, 4, major, 0, F4
208, 0, 0, 1, 0, 0, 1, 0, 1, 0, 0, 0, 1, 1, C, 1, V43, 5, major, 2, G4
208, 1, 0, 0, 0, 1, 0, 0, 1, 0, 0, 0, 0, 1, C, 1, I6, 1, major, 1, C5
208, 1, 0, 1, 0, 0, 1, 0, 0, 0, 1, 0, 0, 1, C, 1, ii65, 2, minor, 1, D5
209, 1, 0, 0, 0, 1, 0, 0, 1, 0, 0, 0, 0, 1, C, 1, I64, 1, major, 2, C5
209, 0, 0, 1, 0, 0, 1, 0, 1, 0, 0, 0, 1, 1, C, 1, V7, 5, major, 0, G4
210, 1, 0, 0, 0, 1, 0, 0, 1, 0, 0, 0, 0, 1, C, 1, I, 1, major, 0, C4
210, 0, 0, 1, 0, 0, 1, 0, 0, 1, 0, 0, 1, 2, A, 0, viio7/vi, 7, diminished, 0, G#5, C, 1, vi, 6, minor, 0, A4
210, 1, 0, 0, 0, 1, 0, 0, 0, 0, 1, 0, 0, 1, C, 1, vi, 6, minor, 0, A4
211, 0, 0, 1, 0, 1, 0, 0, 0, 1, 0, 0, 1, 2, A, 0, V7/vi, 5, major, 0, E5, C, 1, vi, 6, minor, 0, A4
211, 1, 0, 0, 0, 0, 1, 0, 0, 0, 1, 0, 0, 1, C, 1, IV, 4, major, 0, F4
212, 1, 0, 0, 0, 1, 0, 0, 1, 0, 0, 0, 0, 1, C, 1, I64, 1, major, 2, C5
212, 0, 0, 1, 0, 0, 1, 0, 1, 0, 0, 0, 1, 1, C, 1, V7, 5, major, 0, G4
213, 1, 0, 0, 0, 1, 0, 0, 1, 0, 0, 0, 0, 1, C, 1, I, 1, major, 0, C4
213, 0, 0, 1, 0, 0, 1, 0, 1, 0, 0, 0, 1, 1, C, 1, V7, 5, major, 0, G4
214, 1, 0, 0, 0, 1, 0, 0, 1, 0, 0, 0, 0, 1, C, 1, I64, 1, major, 2, C5
214, 0, 0, 1, 0, 0, 1, 0, 1, 0, 0, 0, 1, 1, C, 1, V7, 5, major, 0, G4
215, 1, 0, 0, 0, 1, 0, 0, 1, 0, 0, 0, 0, 1, C, 1, I, 1, major, 0, C4
215, 0, 0, 1, 0, 0, 1, 0, 1, 0, 0, 0, 1, 1, C, 1, V43, 5, major, 2, G4
216, 1, 0, 0, 0, 1, 0, 0, 1, 0, 0, 0, 0, 1, C, 1, I6, 1, major, 1, C5
216, 0, 0, 1, 0, 0, 1, 0, 1, 0, 0, 0, 1, 1, C, 1, V42, 5, major, 3, G4
217, 1, 0, 0, 0, 1, 0, 0, 1, 0, 0, 0, 0, 1, C, 1, I6, 1, major, 1, C5
217, 0, 0, 1, 0, 0, 1, 0, 1, 0, 0, 0, 1, 1, C, 1, V65, 5, major, 1, G5
218, 1, 0, 0, 0, 1, 0, 0, 1, 0, 0, 0, 0, 1, C, 1, I, 1, major, 0, C4
218, 0, 0, 1, 0, 0, 1, 0, 1, 0, 0, 0, 1, 1, C, 1, V43, 5, major, 2, G4
219, 1, 0, 0, 0, 1, 0, 0, 1, 0, 0, 0, 0, 1, C, 1, I6, 1, major, 1, C5
219, 0, 0, 1, 0, 0, 1, 0, 1, 0, 0, 0, 1, 1, C, 1, V43, 5, major, 2, G4
220, 1, 0, 0, 0, 1, 0, 0, 1, 0, 0, 0, 0, 1, C, 1, I6, 1, major, 1, C5
220, 0, 0, 1, 0, 0, 1, 0, 1, 0, 0, 0, 1, 1, C, 1, V43, 5, major, 2, G4
221, 1, 0, 0, 0, 1, 0, 0, 1, 0, 0, 0, 0, 1, C, 1, I6, 1, major, 1, C5
221, 0, 0, 1, 0, 0, 1, 0, 1, 0, 0, 0, 1, 1, C, 1, V43, 5, major, 2, G4
221, 1, 0, 0, 0, 1, 0, 0, 1, 0, 0, 0, 0, 1, C, 1, I6, 1, major, 1, C5
221, 0, 0, 1, 0, 0, 1, 0, 1, 0, 0, 0, 1, 1, C, 1, V43, 5, major, 2, G4
222, 1, 0, 0, 0, 1, 0, 0, 1, 0, 0, 0, 0, 1, C, 1, I6, 1, major, 1, C5
222, 0, 0, 1, 0, 0, 1, 0, 1, 0, 0, 0, 1, 1, C, 1, V42, 5, major, 3, G4
222, 1, 0, 0, 0, 1, 0, 0, 1, 0, 0, 0, 0, 1, C, 1, I6, 1, major, 1, C5
222, 0, 0, 1, 0, 0, 1, 0, 1, 0, 0, 0, 1, 1, C, 1, V42, 5, major, 3, G4
222, 1, 0, 0, 0, 1, 0, 0, 1, 0, 0, 0, 0, 1, C, 1, I6, 1, major, 1, C5
222, 0, 0, 1, 0, 0, 1, 0, 1, 0, 0, 0, 1, 1, C, 1, V42, 5, major, 3, G4
222, 1, 0, 0, 0, 1, 0, 0, 1, 0, 0, 0, 0, 1, C, 1, I6, 1, major, 1, C5
222, 0, 0, 1, 0, 0, 1, 0, 1, 0, 0, 0, 1, 1, C, 1, V42, 5, major, 3, G4
223, 1, 0, 0, 0, 1, 0, 0, 1, 0, 0, 0, 0, 1, C, 1, I6, 1, major, 1, C5
223, 1, 0, 0, 0, 1, 0, 0, 1, 0, 0, 1, 0, 2, F, 1, V65/IV, 5, major, 1, C6, C, 1, IV, 4, major, 0, F4
224, 1, 0, 0, 0, 1, 0, 0, 1, 0, 0, 1, 0, 2, F, 1, V65/IV, 5, major, 1, C6, C, 1, IV, 4, major, 0, F4
225, 1, 0, 0, 0, 0, 1, 0, 0, 0, 1, 0, 0, 1, C, 1, IV, 4, major, 0, F4
226, 1, 0, 0, 0, 0, 1, 0, 0, 0, 1, 0, 0, 1, C, 1, IV, 4, major, 0, F4
227, 1, 0, 1, 0, 0, 0, 1, 0, 0, 1, 0, 0, 2, G, 1, V65/V, 5, major, 1, D6, C, 1, V, 5, major, 0, G4
228, 1, 0, 1, 0, 0, 0, 1, 0, 0, 1, 0, 0, 2, G, 1, V65/V, 5, major, 1, D6, C, 1, V, 5, major, 0, G4
229, 1, 0, 0, 0, 1, 0, 0, 1, 0, 0, 0, 0, 1, C, 1, I64, 1, major, 2, C5
230, 1, 0, 0, 0, 1, 0, 0, 1, 0, 0, 0, 0, 1, C, 1, I64, 1, major, 2, C5
231, 1, 0, 0, 0, 1, 0, 0, 1, 0, 0, 0, 0, 1, C, 1, I64, 1, major, 2, C5
232, 1, 0, 0, 0, 1, 0, 0, 1, 0, 0, 0, 0, 1, C, 1, I64, 1, major, 2, C5
233, 0, 0, 1, 0, 0, 1, 0, 0, 1, 0, 0, 1, 1, C, 1, viio7, 7, diminished, 0, B4
234, 0, 0, 1, 0, 0, 1, 0, 0, 1, 0, 0, 1, 1, C, 1, viio7, 7, diminished, 0, B4
235, 0, 0, 1, 0, 0, 0, 1, 0, 0, 1, 0, 1, 1, C, 1, viihalfdim7, 7, minor, 0, B4
236, 0, 0, 1, 0, 0, 1, 0, 1, 0, 0, 0, 1, 1, C, 1, V65, 5, major, 1, G5
237, 1, 0, 0, 0, 1, 0, 0, 1, 0, 0, 0, 0, 1, C, 1, I, 1, major, 0, C4
237, 1, 0, 0, 0, 1, 0, 0, 1, 0, 0, 1, 0, 1, F, 0, V7, 5, major, 0, C5
238, 1, 0, 0, 0, 0, 1, 0, 0, 1, 0, 0, 0, 1, F, 0, i64, 1, minor, 2, F5
238, 1, 0, 0, 0, 1, 0, 0, 1, 0, 0, 1, 0, 1, F, 0, V7, 5, major, 0, C5
239, 1, 0, 0, 0, 0, 1, 0, 0, 1, 0, 0, 0, 1, C, 0, iv, 4, minor, 0, F4
239, 0, 1, 0, 0, 0, 1, 0, 0, 1, 0, 0, 0, 1, C, 0, N6, 2, major, 1, Db5
240, 1, 0, 0, 1, 0, 0, 0, 1, 0, 0, 0, 0, 1, C, 0, i64, 1, minor, 2, C5
240, 0, 0, 1, 0, 0, 1, 0, 1, 0, 0, 0, 1, 1, C, 0, V7, 5, major, 0, G4
241, 1, 0, 0, 0, 1, 0, 0, 1, 0, 0, 1, 0, 1, F, 1, V7, 5, major, 0, C5
242, 1, 0, 0, 0, 0, 1, 0, 0, 0, 1, 0, 0, 1, F, 1, I64, 1, major, 2, F5
242, 1, 0, 0, 0, 1, 0, 0, 1, 0, 0, 1, 0, 1, F, 1, V7, 5, major, 0, C5
243, 1, 0, 0, 0, 0, 1, 0, 0, 0, 1, 0, 0, 1, C, 1, IV, 4, major, 0, F4
243, 0, 0, 1, 0, 0, 1, 0, 0, 0, 1, 0, 0, 1, C, 1, ii6, 2, minor, 1, D5
244, 1, 0, 0, 0, 1, 0, 0, 1, 0, 0, 0, 0, 1, C, 1, I64, 1, major, 2, C5
244, 0, 0, 1, 0, 0, 1, 0, 1, 0, 0, 0, 1, 1, C, 1, V7, 5, major, 0, G4
245, 1, 0, 0, 0, 1, 0, 0, 1, 0, 0, 0, 0, 1, C, 1, I, 1, major, 0, C4
245, 1, 0, 0, 0, 1, 0, 0, 1, 0, 0, 0, 0, 1, C, 1, I6, 1, major, 1, C5
245, 0, 0, 1, 0, 0, 1, 0, 0, 0, 1, 0, 0, 1, C, 1, ii6, 2, minor, 1, D5
246, 1, 0, 0, 0, 1, 0, 0, 1, 0, 0, 0, 0, 1, C, 1, I64, 1, major, 2, C5
246, 0, 0, 1, 0, 0, 1, 0, 1, 0, 0, 0, 1, 1, C, 1, V7, 5, major, 0, G4
247, 1, 0, 0, 0, 1, 0, 0, 1, 0, 0, 0, 0, 1, C, 1, I, 1, major, 0, C4
247, 1, 0, 0, 0, 0, 1, 0, 0, 0, 1, 0, 0, 1, F, 1, I6, 1, major, 1, F5
247, 0, 0, 1, 0, 0, 0, 0, 1, 0, 0, 1, 0, 1, F, 1, ii6, 2, minor, 1, G5
248, 1, 0, 0, 0, 0, 1, 0, 0, 0, 1, 0, 0, 1, F, 1, I64, 1, major, 2, F5
248, 1, 0, 0, 0, 1, 0, 0, 1, 0, 0, 1, 0, 1, F, 1, V7, 5, major, 0, C5
249, 1, 0, 0, 0, 0, 1, 0, 0, 1, 0, 0, 0, 1, F, 1, i, 1, minor, 0, F4
249, 1, 0, 0, 0, 0, 1, 0, 0, 1, 0, 0, 0, 1, F, 0, i6, 1, minor, 1, F5
249, 0, 1, 0, 0, 0, 0, 0, 1, 0, 0, 1, 0, 1, F, 0, iio6, 2, diminished, 1, G5
250, 1, 0, 0, 0, 0, 1, 0, 0, 1, 0, 0, 0, 1, F, 0, i64, 1, minor, 2, F5
250, 1, 0, 0, 0, 1, 0, 0, 1, 0, 0, 1, 0, 1, F, 0, V7, 5, major, 0, C5
251, 0, 1, 0, 0, 0, 1, 0, 0, 1, 0, 0, 0, 1, Db, 1, I, 1, major, 0, Db4
252, 0, 1, 0, 0, 0, 1, 0, 0, 1, 0, 0, 0, 1, Db, 1, I, 1, major, 0, Db4
252, 0, 1, 0, 1, 0, 0, 0, 1, 0, 0, 1, 0, 1, Ab, 1, V42, 5, major, 3, Eb5
253, 1, 0, 0, 1, 0, 0, 0, 0, 1, 0, 0, 0, 1, Ab, 1, I6, 1, major, 1, Ab5
254, 1, 0, 0, 1, 0, 1, 0, 0, 0, 1, 0, 0, 1, Bb, 0, V43, 5, major, 2, F5
255, 0, 1, 0, 0, 0, 1, 0, 0, 0, 0, 1, 0, 1, Bb, 0, i6, 1, minor, 1, Bb5
256, 0, 0, 1, 0, 0, 1, 0, 0, 0, 0, 0, 1, 1, C, 0, viio6, 7, diminished, 1, B4
257, 1, 0, 0, 1, 0, 0, 0, 1, 0, 0, 0, 0, 1, C, 0, i6, 1, minor, 1, C5
257, 0, 0, 1, 0, 0, 1, 0, 0, 1, 0, 0, 0, 1, C, 0, iio6, 2, diminished, 1, D5
258, 0, 0, 0, 0, 1, 0, 0, 1, 0, 0, 1, 0, 2, F, 0, viio6/iv, 7, diminished, 1, E5, C, 0, iv, 4, minor, 0, F4
258, 1, 0, 0, 0, 0, 1, 0, 0, 1, 0, 0, 0, 1, C, 0, iv6, 4, minor, 1, F5
259, 1, 0, 0, 1, 0, 0, 1, 0, 0, 1, 0, 0, 2, G, 1, viio65/V, 7, diminished, 1, F#5, C, 0, V, 5, major, 0, G4
260, 1, 0, 0, 1, 0, 0, 1, 0, 1, 0, 0, 0, 1, C, 0, Ger65, 4, other, 1, F#5
261, 0, 0, 1, 0, 0, 0, 0, 1, 0, 0, 0, 1, 1, C, 0, V, 5, major, 0, G4
262, 0, 1, 0, 0, 1, 0, 0, 1, 0, 0, 1, 0, 2, D, 1, viio43/V, 7, diminished, 2, C#5, G, 1, V, 5, major, 0, D5
263, 0, 0, 1, 0, 0, 0, 0, 1, 0, 0, 0, 1, 1, G, 1, I6, 1, major, 1, G5
264, 0, 0, 1, 0, 0, 0, 0, 1, 0, 0, 0, 1, 1, G, 1, I6, 1, major, 1, G5
264, 0, 1, 0, 0, 1, 0, 0, 1, 0, 1, 0, 0, 1, D, 0, V65, 5, major, 1, A5
265, 0, 0, 1, 0, 0, 1, 0, 0, 0, 1, 0, 0, 1, D, 0, i, 1, minor, 0, D4
266, 0, 0, 1, 0, 0, 1, 0, 0, 0, 1, 0, 0, 1, D, 0, i, 1, minor, 0, D4
267, 1, 0, 0, 0, 0, 1, 0, 0, 0, 1, 0, 0, 1, F, 1, I6, 1, major, 1, F5
268, 1, 0, 0, 0, 0, 1, 0, 0, 0, 1, 0, 0, 1, F, 1, I6, 1, major, 1, F5
268, 0, 0, 1, 0, 0, 1, 0, 1, 0, 0, 0, 1, 1, C, 1, V65, 5, major, 1, G5
269, 1, 0, 0, 0, 1, 0, 0, 1, 0, 0, 0, 0, 1, C, 1, I, 1, major, 0, C4
269, 1, 0, 0, 0, 1, 0, 0, 0, 0, 1, 0, 0, 1, C, 1, vi6, 6, minor, 1, A4
270, 1, 0, 0, 0, 1, 0, 0, 0, 0, 1, 0, 0, 1, C, 1, vi6, 6, minor, 1, A4
271, 0, 0, 1, 0, 0, 1, 0, 0, 0, 1, 0, 0, 1, C, 1, ii, 2, minor, 0, D4
271, 0, 0, 1, 0, 0, 1, 0, 0, 0, 0, 0, 1, 1, C, 1, viio6, 7, diminished, 1, B4
272, 0, 0, 1, 0, 0, 1, 0, 0, 0, 0, 0, 1, 1, C, 1, viio6, 7, diminished, 1, B4
273, 0, 1, 0, 0, 1, 0, 0, 1, 0, 0, 0, 0, 2, D, 0, viio6/ii, 7, diminished, 1, C#5, C, 1, ii, 2, minor, 0, D4
274, 0, 0, 1, 0, 0, 1, 0, 0, 0, 1, 0, 0, 1, C, 1, ii, 2, minor, 0, D4
274, 0, 0, 0, 0, 1, 0, 0, 0, 1, 0, 0, 1, 1, C, 1, III6, 3, major, 1, E5
275, 1, 0, 0, 0, 0, 1, 0, 0, 0, 1, 0, 0, 1, C, 1, IV, 4, major, 0, F4
275, 0, 0, 1, 0, 0, 0, 0, 1, 0, 0, 0, 1, 1, C, 1, V, 5, major, 0, G4
276, 1, 0, 0, 0, 1, 0, 0, 0, 0, 1, 0, 0, 1, C, 1, vi, 6, minor, 0, A4
276, 0, 0, 1, 0, 0, 1, 0, 0, 0, 0, 0, 1, 1, C, 1, viio, 7, diminished, 0, B4
277, 1, 0, 0, 0, 1, 0, 0, 1, 0, 0, 0, 0, 1, C, 1, I6, 1, major, 1, C5
278, 1, 0, 0, 0, 0, 1, 0, 0, 0, 1, 0, 0, 1, C, 1, IV, 4, major, 0, F4
279, 1, 0, 0, 0, 0, 1, 0, 0, 0, 1, 0, 0, 1, C, 1, IV, 4, major, 0, F4
280, 1, 0, 0, 0, 1, 0, 0, 1, 0, 0, 0, 0, 1, C, 1, I64, 1, major, 2, C5
281, 1, 0, 0, 0, 1, 0, 0, 1, 0, 0, 0, 0, 1, C, 1, I64, 1, major, 2, C5
282, 1, 0, 0, 0, 1, 0, 0, 1, 0, 0, 0, 0, 1, C, 1, I64, 1, major, 2, C5
283, 1, 0, 0, 0, 1, 0, 0, 1, 0, 0, 0, 0, 1, C, 1, I64, 1, major, 2, C5
284, 0, 0, 1, 0, 0, 1, 0, 1, 0, 0, 0, 1, 1, C, 1, V7, 5, major, 0, G4
285, 0, 0, 1, 0, 0, 1, 0, 1, 0, 0, 0, 1, 1, C, 1, V7, 5, major, 0, G4
286, 1, 0, 0, 0, 1, 0, 0, 1, 0, 0, 0, 0, 1, C, 1, I, 1, major, 0, C4
286, 0, 0, 1, 0, 0, 1, 0, 0, 1, 0, 0, 1, 2, A, 0, viio7/vi, 7, diminished, 0, G#5, C, 1, vi, 6, minor, 0, A4
286, 1, 0, 0, 0, 1, 0, 0, 0, 0, 1, 0, 0, 1, C, 1, vi, 6, minor, 0, A4
287, 0, 0, 0, 0, 1, 0, 0, 0, 1, 0, 0, 1, 2, A, 0, V/vi, 5, major, 0, E5, C, 1, vi, 6, minor, 0, A4
287, 1, 0, 0, 0, 0, 1, 0, 0, 0, 1, 0, 0, 1, C, 1, IV, 4, major, 0, F4
288, 0, 0, 1, 0, 0, 1, 0, 1, 0, 0, 0, 1, 1, C, 1, V43, 5, major, 2, G4
288, 1, 0, 0, 0, 1, 0, 0, 1, 0, 0, 0, 0, 1, C, 1, I6, 1, major, 1, C5
288, 1, 0, 1, 0, 0, 1, 0, 0, 0, 1, 0, 0, 1, C, 1, ii65, 2, minor, 1, D5
289, 1, 0, 1, 0, 0, 1, 0, 0, 0, 1, 0, 0, 1, C, 1, ii65, 2, minor, 1, D5
290, 1, 0, 1, 0, 0, 1, 0, 0, 0, 1, 0, 0, 1, C, 1, ii65, 2, minor, 1, D5
291, 1, 0, 1, 0, 0, 1, 0, 0, 0, 1, 0, 0, 1, C, 1, ii65, 2, minor, 1, D5
292, 1, 0, 1, 0, 0, 1, 0, 0, 0, 1, 0, 0, 1, C, 1, ii65, 2, minor, 1, D5
293, 1, 0, 0, 0, 1, 0, 0, 1, 0, 0, 0, 0, 1, C, 1, I64, 1, major, 2, C5
293, 0, 0, 1, 0, 0, 1, 0, 1, 0, 0, 0, 1, 1, C, 1, V7, 5, major, 0, G4
294, 0, 0, 1, 0, 0, 1, 0, 1, 0, 0, 0, 1, 1, C, 1, V7, 5, major, 0, G4
295, 1, 0, 0, 0, 1, 0, 0, 1, 0, 0, 0, 0, 1, C, 1, I64, 1, major, 2, C5
295, 0, 0, 1, 0, 0, 1, 0, 1, 0, 0, 0, 1, 1, C, 1, V7, 5, major, 0, G4
296, 0, 0, 1, 0, 0, 1, 0, 1, 0, 0, 0, 1, 1, C, 1, V7, 5, major, 0, G4
297, 1, 0, 0, 0, 1, 0, 0, 1, 0, 0, 0, 0, 1, C, 1, I, 1, major, 0, C4
298, 1, 0, 0, 0, 1, 0, 0, 1, 0, 0, 0, 0, 1, C, 1, I, 1, major, 0, C4
298, 1, 0, 1, 0, 0, 0, 1, 0, 0, 1, 0, 0, 1, G, 1, V42, 5, major, 3, D5
299, 0, 0, 1, 0, 0, 0, 0, 1, 0, 0, 0, 1, 1, G, 1, I6, 1, major, 1, G5
299, 1, 0, 0, 0, 1, 0, 0, 1, 0, 0, 1, 0, 1, F, 1, V42, 5, major, 3, C5
300, 1, 0, 0, 0, 0, 1, 0, 0, 0, 1, 0, 0, 1, F, 1, I6, 1, major, 1, F5
300, 1, 0, 0, 0, 0, 1, 0, 0, 1, 0, 0, 0, 1, F, 1, i6, 1, minor, 1, F5
301, 0, 0, 1, 0, 0, 1, 0, 1, 0, 0, 0, 1, 1, C, 1, V7, 5, major, 0, G4
302, 0, 0, 1, 0, 0, 1, 0, 1, 0, 0, 0, 1, 1, C, 1, V7, 5, major, 0, G4
303, 1, 0, 0, 0, 1, 0, 0, 1, 0, 0, 0, 0, 1, C, 1, I, 1, major, 0, C4
303, 0, 0, 1, 0, 0, 0, 0, 1, 0, 0, 0, 1, 1, C, 1, V, 5, major, 0, G4
304, 1, 0, 0, 0, 1, 0, 0, 1, 0, 0, 0, 0, 1, C, 1, I, 1, major, 0, C4
