1, 1, 0, 0, 0, 0, 1, 0, 0, 1, 0, 0, 0, 1, F, 0, i, 1, minor, 0, F4
1, 1, 0, 0, 0, 0, 1, 0, 0, 1, 0, 0, 0, 1, F, 0, i, 1, minor, 0, F4
2, 1, 0, 0, 0, 0, 1, 0, 0, 1, 0, 0, 0, 1, F, 0, i, 1, minor, 0, F4
3, 1, 0, 0, 0, 1, 0, 0, 1, 0, 0, 0, 0, 1, F, 0, V6, 5, major, 1, C6
3, 0, 0, 1, 0, 0, 1, 0, 0, 1, 0, 0, 1, 2, C, 1, viio43/V, 7, diminished, 2, B4, F, 0, V, 5, major, 0, C5
4, 1, 0, 0, 0, 1, 0, 0, 1, 0, 0, 0, 0, 1, F, 0, V6, 5, major, 1, C6
5, 0, 1, 0, 0, 0, 0, 1, 0, 0, 0, 1, 0, 1, Gb, 1, I, 1, major, 0, Gb4
5, 0, 1, 0, 0, 0, 0, 1, 0, 0, 0, 1, 0, 1, Gb, 1, I, 1, major, 0, Gb4
6, 0, 1, 0, 0, 0, 0, 1, 0, 0, 0, 1, 0, 1, Gb, 1, I, 1, major, 0, Gb4
7, 0, 1, 0, 0, 0, 1, 0, 0, 1, 0, 0, 0, 1, Gb, 1, V6, 5, major, 1, Db6
7, 1, 0, 0, 1, 0, 0, 1, 0, 0, 1, 0, 0, 2, Db, 1, viio43/V, 7, diminished, 2, C5, Gb, 1, V, 5, major, 0, Db5
8, 0, 1, 0, 0, 0, 1, 0, 0, 1, 0, 0, 0, 1, Gb, 1, V6, 5, major, 1, Db6
9, 1, 0, 0, 0, 1, 0, 0, 1, 0, 0, 0, 0, 1, F, 0, V6, 5, major, 1, C6
9, 0, 0, 1, 0, 0, 1, 0, 0, 1, 0, 0, 1, 2, C, 1, viio43/V, 7, diminished, 2, B4, F, 0, V, 5, major, 0, C5
10, 1, 0, 0, 0, 1, 0, 0, 1, 0, 0, 0, 0, 1, F, 0, V6, 5, major, 1, C6
11, 0, 1, 0, 0, 1, 0, 0, 1, 0, 0, 1, 0, 1, F, 0, viio65, 7, diminished, 1, E5
11, 0, 1, 0, 0, 0, 1, 0, 0, 1, 0, 1, 0, 1, F, 0, iv42, 4, minor, 3, Bb4
12, 0, 1, 0, 0, 1, 0, 0, 1, 0, 0, 1, 0, 1, F, 0, viio65, 7, diminished, 1, E5
13, 0, 1, 0, 0, 1, 0, 0, 1, 0, 0, 1, 0, 1, F, 0, viio65, 7, diminished, 1, E5
14, 0, 1, 0, 0, 1, 0, 0, 1, 0, 0, 1, 0, 1, F, 0, viio65, 7, diminished, 1, E5
15, 0, 1, 0, 0, 1, 0, 0, 1, 0, 0, 1, 0, 1, F, 0, viio65, 7, diminished, 1, E5
16, 0, 1, 0, 0, 0, 1, 0, 0, 1, 0, 0, 0, 1, F, 0, VI6, 6, major, 1, Db5
16, 1, 0, 0, 0, 1, 0, 0, 1, 0, 0, 0, 0, 1, F, 0, V6, 5, major, 1, C6
17, 1, 0, 0, 0, 0, 1, 0, 0, 1, 0, 0, 0, 1, F, 0, i, 1, minor, 0, F4
17, 1, 0, 0, 0, 0, 1, 0, 0, 1, 0, 0, 0, 1, F, 0, i, 1, minor, 0, F4
18, 1, 0, 0, 0, 0, 1, 0, 0, 1, 0, 0, 0, 1, F, 0, i, 1, minor, 0, F4
19, 1, 0, 0, 0, 0, 1, 0, 0, 1, 0, 0, 0, 1, F, 0, i, 1, minor, 0, F4
20, 1, 0, 0, 0, 1, 0, 0, 1, 0, 0, 0, 0, 1, F, 0, V6, 5, major, 1, C6
21, 1, 0, 0, 0, 1, 0, 0, 1, 0, 0, 0, 0, 1, F, 0, V6, 5, major, 1, C6
21, 0, 0, 1, 0, 0, 1, 0, 0, 1, 0, 0, 1, 2, C, 1, viio43/V, 7, diminished, 2, B4, F, 0, V, 5, major, 0, C5
22, 1, 0, 0, 0, 1, 0, 0, 1, 0, 0, 0, 0, 1, F, 0, V6, 5, major, 1, C6
23, 1, 0, 0, 0, 1, 0, 0, 1, 0, 0, 0, 0, 1, F, 0, V6, 5, major, 1, C6
23, 0, 1, 0, 1, 0, 0, 0, 1, 0, 0, 1, 0, 1, Ab, 0, V7, 5, major, 0, Eb5
24, 0, 0, 0, 1, 0, 0, 0, 1, 0, 0, 1, 0, 1, Ab, 0, V, 5, major, 0, Eb5
25, 0, 0, 0, 1, 0, 0, 0, 0, 1, 0, 0, 1, 1, Ab, 0, i, 1, minor, 0, Ab4
26, 0, 0, 0, 0, 1, 0, 0, 0, 1, 0, 0, 1, 1, Ab, 0, VI6, 6, major, 1, Fb5
27, 0, 0, 0, 1, 0, 0, 0, 1, 0, 0, 1, 0, 1, Ab, 0, V6, 5, major, 1, Eb6
28, 0, 0, 0, 1, 0, 0, 0, 1, 0, 0, 1, 0, 1, Ab, 0, V6, 5, major, 1, Eb6
29, 0, 0, 0, 1, 0, 0, 0, 0, 1, 0, 0, 1, 1, Ab, 0, i, 1, minor, 0, Ab4
30, 0, 0, 0, 0, 1, 0, 0, 0, 1, 0, 0, 1, 1, Ab, 0, VI6, 6, major, 1, Fb5
31, 0, 0, 0, 1, 0, 0, 0, 1, 0, 0, 1, 0, 1, Ab, 0, V6, 5, major, 1, Eb6
31, 1, 0, 0, 1, 0, 0, 1, 0, 0, 1, 0, 0, 2, Bb, 0, viio42/ii, 7, diminished, 3, A5, Ab, 0, ii, 2, minor, 0, Bb4
32, 0, 0, 1, 0, 0, 1, 0, 0, 1, 0, 0, 0, 2, Eb, 1, viio6/V, 7, diminished, 1, D5, Ab, 0, V, 5, major, 0, Eb5
32, 0, 1, 0, 0, 1, 0, 0, 1, 0, 0, 1, 0, 1, Ab, 0, viio42, 7, diminished, 3, G5
33, 0, 1, 0, 1, 0, 0, 0, 1, 0, 0, 1, 0, 1, Ab, 0, V7, 5, major, 0, Eb5
34, 0, 1, 0, 1, 0, 0, 0, 1, 0, 0, 1, 0, 1, Ab, 0, V7, 5, major, 0, Eb5
35, 1, 0, 0, 1, 0, 0, 0, 0, 1, 0, 0, 0, 1, Ab, 1, I, 1, major, 0, Ab4
36, 1, 0, 0, 1, 0, 0, 0, 0, 1, 0, 0, 0, 1, Ab, 1, I, 1, major, 0, Ab4
36, 0, 1, 0, 1, 0, 0, 0, 1, 0, 0, 1, 0, 1, Ab, 1, V43, 5, major, 2, Eb5
37, 1, 0, 0, 1, 0, 0, 0, 0, 1, 0, 0, 0, 1, Ab, 1, I6, 1, major, 1, Ab5
38, 0, 1, 0, 0, 0, 1, 0, 0, 1, 0, 0, 0, 1, Ab, 1, IV, 4, major, 0, Db5
38, 1, 0, 0, 1, 0, 0, 0, 0, 1, 0, 0, 0, 1, Ab, 1, I64, 1, major, 2, Ab5
38, 0, 1, 0, 1, 0, 0, 0, 1, 0, 0, 1, 0, 1, Ab, 1, V7, 5, major, 0, Eb5
39, 1, 0, 0, 1, 0, 0, 0, 0, 1, 0, 0, 0, 1, Ab, 1, I, 1, major, 0, Ab4
40, 1, 0, 0, 1, 0, 0, 0, 0, 1, 0, 0, 0, 1, Ab, 1, I, 1, major, 0, Ab4
40, 0, 1, 0, 1, 0, 0, 0, 1, 0, 0, 1, 0, 1, Ab, 1, V43, 5, major, 2, Eb5
41, 1, 0, 0, 1, 0, 0, 0, 0, 1, 0, 0, 0, 1, Ab, 1, I6, 1, major, 1, Ab5
42, 0, 1, 0, 0, 1, 0, 0, 0, 1, 0, 0, 0, 1, Ab, 0, iv, 4, minor, 0, Db5
42, 0, 1, 0, 0, 1, 0, 0, 0, 0, 1, 0, 0, 1, Ab, 0, N6, 2, major, 1, Bbb5
43, 0, 0, 0, 1, 0, 0, 0, 0, 1, 0, 0, 1, 1, Ab, 0, i64, 1, minor, 2, Ab5
44, 0, 1, 0, 1, 0, 0, 0, 1, 0, 0, 1, 0, 1, Ab, 0, V7, 5, major, 0, Eb5
45, 0, 1, 0, 1, 0, 0, 0, 1, 0, 0, 1, 0, 1, Ab, 0, V7, 5, major, 0, Eb5
46, 0, 1, 0, 1, 0, 0, 0, 1, 0, 0, 1, 0, 1, Ab, 0, V7, 5, major, 0, Eb5
47, 0, 1, 0, 1, 0, 0, 0, 1, 0, 0, 1, 0, 1, Ab, 0, V7, 5, major, 0, Eb5
48, 0, 1, 0, 1, 0, 0, 0, 1, 0, 0, 1, 0, 1, Ab, 0, V7, 5, major, 0, Eb5
49, 0, 1, 0, 1, 0, 0, 0, 1, 0, 0, 1, 0, 1, Ab, 0, V7, 5, major, 0, Eb5
50, 0, 1, 0, 1, 0, 0, 0, 1, 0, 0, 1, 0, 1, Ab, 0, V7, 5, major, 0, Eb5
51, 0, 0, 0, 1, 0, 0, 0, 0, 1, 0, 0, 1, 1, Ab, 0, i, 1, minor, 0, Ab4
52, 0, 0, 0, 0, 1, 0, 0, 0, 1, 0, 0, 1, 1, Ab, 0, VI6, 6, major, 1, Fb5
53, 0, 1, 0, 0, 1, 0, 0, 0, 0, 1, 0, 0, 1, Ab, 0, bII, 2, major, 0, Bbb4
54, 0, 1, 0, 0, 1, 0, 0, 1, 0, 0, 1, 0, 1, Ab, 0, viio65, 7, diminished, 1, G5
54, 0, 1, 0, 0, 1, 0, 0, 1, 0, 0, 1, 0, 1, Ab, 0, viio65, 7, diminished, 1, G5
55, 0, 1, 0, 1, 0, 0, 0, 1, 0, 0, 1, 0, 1, Ab, 0, V7, 5, major, 0, Eb5
55, 0, 0, 0, 1, 0, 0, 0, 0, 1, 0, 0, 1, 1, Ab, 0, i, 1, minor, 0, Ab4
56, 0, 0, 0, 0, 1, 0, 0, 0, 1, 0, 0, 1, 1, Ab, 0, VI6, 6, major, 1, Fb5
57, 0, 1, 0, 0, 1, 0, 0, 0, 0, 1, 0, 0, 1, Ab, 0, bII, 2, major, 0, Bbb4
58, 0, 1, 0, 0, 1, 0, 0, 1, 0, 0, 1, 0, 1, Ab, 0, viio65, 7, diminished, 1, G5
58, 0, 1, 0, 0, 1, 0, 0, 1, 0, 0, 1, 0, 1, Ab, 0, viio65, 7, diminished, 1, G5
59, 0, 1, 0, 1, 0, 0, 0, 1, 0, 0, 1, 0, 1, Ab, 0, V7, 5, major, 0, Eb5
59, 0, 1, 0, 0, 0, 1, 0, 0, 1, 0, 1, 0, 1, Ab, 0, iihalfdim42, 2, minor, 3, Bb4
59, 0, 1, 0, 1, 0, 0, 0, 1, 0, 0, 1, 0, 1, Ab, 0, V65, 5, major, 1, Eb6
59, 0, 1, 0, 0, 0, 1, 0, 0, 1, 0, 1, 0, 1, Ab, 0, iihalfdim43, 2, minor, 2, Bb5
60, 0, 1, 0, 1, 0, 0, 0, 1, 0, 0, 1, 0, 1, Ab, 0, V7, 5, major, 0, Eb5
60, 0, 0, 1, 0, 0, 1, 0, 0, 1, 0, 0, 1, 2, Eb, 1, viio7/V, 7, diminished, 0, D5, Ab, 0, V, 5, major, 0, Eb5
60, 0, 1, 0, 1, 0, 0, 0, 1, 0, 0, 1, 0, 1, Ab, 0, V7, 5, major, 0, Eb5
61, 0, 0, 0, 1, 0, 0, 0, 0, 1, 0, 0, 1, 1, Ab, 0, i, 1, minor, 0, Ab4
61, 0, 1, 0, 0, 1, 0, 0, 0, 1, 0, 0, 0, 1, Ab, 0, iv, 4, minor, 0, Db5
61, 0, 0, 0, 1, 0, 0, 0, 0, 1, 0, 0, 1, 1, Ab, 0, i6, 1, minor, 1, Ab5
62, 0, 1, 0, 1, 0, 0, 0, 1, 0, 0, 1, 0, 1, Ab, 0, V43, 5, major, 2, Eb5
62, 0, 0, 0, 1, 0, 0, 0, 0, 1, 0, 0, 1, 1, Ab, 0, i, 1, minor, 0, Ab4
62, 0, 1, 0, 0, 1, 0, 0, 0, 1, 0, 0, 0, 1, Ab, 0, iv, 4, minor, 0, Db5
62, 0, 0, 0, 1, 0, 0, 0, 0, 1, 0, 0, 1, 1, Ab, 0, i6, 1, minor, 1, Ab5
63, 0, 1, 0, 1, 0, 0, 0, 1, 0, 0, 1, 0, 1, Ab, 0, V43, 5, major, 2, Eb5
63, 0, 0, 0, 1, 0, 0, 0, 0, 1, 0, 0, 1, 1, Ab, 0, i, 1, minor, 0, Ab4
63, 0, 1, 0, 0, 1, 0, 0, 0, 1, 0, 0, 0, 1, Ab, 0, iv, 4, minor, 0, Db5
63, 0, 0, 0, 1, 0, 0, 0, 0, 1, 0, 0, 1, 1, Ab, 0, i6, 1, minor, 1, Ab5
64, 0, 1, 0, 1, 0, 0, 0, 1, 0, 0, 1, 0, 1, Ab, 0, V43, 5, major, 2, Eb5
64, 0, 0, 0, 1, 0, 0, 0, 0, 1, 0, 0, 1, 1, Ab, 0, i, 1, minor, 0, Ab4
65, 0, 0, 0, 1, 0, 0, 0, 0, 1, 0, 0, 1, 1, Ab, 0, i, 1, minor, 0, Ab4
66, 0, 0, 0, 1, 0, 0, 0, 0, 1, 0, 0, 1, 1, E, 1, iii6, 3, minor, 1, G#5
66, 0, 0, 0, 1, 0, 0, 0, 0, 1, 0, 0, 1, 1, E, 1, iii6, 3, minor, 1, G#5
67, 0, 0, 0, 0, 1, 0, 0, 0, 1, 0, 0, 1, 1, E, 1, I, 1, major, 0, E4
67, 0, 0, 0, 0, 1, 0, 0, 0, 1, 0, 0, 1, 1, E, 1, I, 1, major, 0, E4
68, 0, 0, 0, 0, 1, 0, 0, 0, 1, 0, 0, 1, 1, E, 1, I, 1, major, 0, E4
69, 0, 0, 0, 1, 0, 0, 1, 0, 0, 0, 0, 1, 1, E, 1, V6, 5, major, 1, B5
69, 0, 1, 0, 0, 1, 0, 0, 1, 0, 0, 1, 0, 2, B, 1, viio43/V, 7, diminished, 2, A#5, E, 1, V, 5, major, 0, B4
70, 0, 0, 0, 1, 0, 0, 1, 0, 0, 0, 0, 1, 1, E, 1, V6, 5, major, 1, B5
71, 0, 1, 0, 0, 0, 0, 1, 0, 0, 1, 0, 0, 1, E, 1, ii6, 2, minor, 1, F#5
71, 0, 0, 1, 0, 0, 1, 0, 0, 1, 0, 0, 1, 2, F#, 0, viio43/ii, 7, diminished, 2, E#5, E, 1, ii, 2, minor, 0, F#4
72, 0, 1, 0, 0, 0, 0, 1, 0, 0, 1, 0, 0, 1, E, 1, ii6, 2, minor, 1, F#5
73, 0, 0, 0, 0, 1, 0, 0, 0, 1, 0, 0, 1, 1, E, 1, I6, 1, major, 1, E5
73, 1, 0, 0, 1, 0, 0, 1, 0, 0, 1, 0, 0, 1, E, 1, viio43, 7, diminished, 2, D#5
74, 0, 0, 0, 0, 1, 0, 0, 0, 1, 0, 0, 1, 1, E, 1, I6, 1, major, 1, E5
74, 0, 1, 0, 0, 0, 0, 1, 0, 0, 1, 0, 0, 1, E, 1, ii, 2, minor, 0, F#4
75, 0, 1, 0, 0, 0, 0, 1, 0, 0, 1, 0, 0, 1, E, 1, ii6, 2, minor, 1, F#5
75, 0, 0, 0, 0, 1, 0, 0, 0, 1, 0, 0, 1, 1, E, 1, I64, 1, major, 2, E5
75, 0, 0, 0, 1, 0, 0, 1, 0, 0, 1, 0, 1, 1, E, 1, V7, 5, major, 0, B4
76, 0, 0, 0, 0, 1, 0, 0, 0, 1, 0, 0, 1, 1, E, 1, I6, 1, major, 1, E5
76, 1, 0, 0, 1, 0, 0, 1, 0, 0, 1, 0, 0, 1, E, 1, viio43, 7, diminished, 2, D#5
77, 0, 0, 0, 0, 1, 0, 0, 0, 1, 0, 0, 1, 1, E, 1, I6, 1, major, 1, E5
77, 0, 1, 0, 0, 0, 0, 1, 0, 0, 1, 0, 0, 1, E, 1, ii, 2, minor, 0, F#4
78, 0, 0, 0, 0, 1, 0, 0, 0, 1, 0, 0, 1, 1, E, 1, I64, 1, major, 2, E5
78, 0, 0, 0, 1, 0, 0, 1, 0, 0, 1, 0, 1, 1, E, 1, V7, 5, major, 0, B4
79, 0, 0, 0, 0, 1, 0, 0, 1, 0, 0, 0, 1, 1, E, 0, i, 1, minor, 0, E4
80, 0, 0, 0, 0, 1, 0, 0, 1, 0, 0, 0, 1, 1, E, 0, i, 1, minor, 0, E4
81, 0, 0, 1, 0, 0, 1, 0, 1, 0, 0, 0, 1, 1, C, 0, V42, 5, major, 3, G4
82, 0, 0, 1, 0, 0, 1, 0, 1, 0, 0, 0, 1, 1, C, 0, V42, 5, major, 3, G4
83, 1, 0, 0, 1, 0, 0, 0, 1, 0, 0, 0, 0, 1, C, 0, i, 1, minor, 0, C4
84, 1, 0, 0, 1, 0, 0, 0, 1, 0, 0, 0, 0, 1, C, 0, i, 1, minor, 0, C4
85, 0, 1, 0, 1, 0, 0, 0, 1, 0, 0, 1, 0, 1, Ab, 1, V42, 5, major, 3, Eb5
86, 0, 1, 0, 1, 0, 0, 0, 1, 0, 0, 1, 0, 1, Ab, 1, V42, 5, major, 3, Eb5
87, 1, 0, 0, 1, 0, 0, 0, 0, 1, 0, 0, 0, 1, Ab, 1, I, 1, major, 0, Ab4
88, 1, 0, 0, 1, 0, 0, 0, 0, 1, 0, 0, 0, 1, Ab, 1, I, 1, major, 0, Ab4
89, 1, 0, 0, 1, 0, 0, 1, 0, 0, 1, 0, 0, 2, Bb, 0, viio7/ii, 7, diminished, 0, A5, Ab, 1, ii, 2, minor, 0, Bb4
90, 1, 0, 0, 1, 0, 0, 1, 0, 0, 1, 0, 0, 2, Bb, 0, viio7/ii, 7, diminished, 0, A5, Ab, 1, ii, 2, minor, 0, Bb4
91, 1, 0, 0, 1, 0, 0, 1, 0, 1, 0, 0, 0, 1, Db, 1, V7, 5, major, 0, Ab4
91, 1, 0, 0, 1, 0, 0, 1, 0, 0, 1, 0, 0, 2, Bb, 0, viio7/vi, 7, diminished, 0, A5, Db, 1, vi, 6, minor, 0, Bb4
91, 1, 0, 0, 1, 0, 0, 1, 0, 1, 0, 0, 0, 1, Db, 1, V7, 5, major, 0, Ab4
92, 1, 0, 0, 1, 0, 0, 1, 0, 0, 1, 0, 0, 2, Bb, 0, viio7/vi, 7, diminished, 0, A5, Db, 1, vi, 6, minor, 0, Bb4
92, 1, 0, 0, 1, 0, 0, 1, 0, 0, 1, 0, 0, 2, Bb, 0, viio7/vi, 7, diminished, 0, A5, Db, 1, vi, 6, minor, 0, Bb4
93, 1, 0, 0, 1, 0, 0, 1, 0, 1, 0, 0, 0, 1, Db, 1, V7, 5, major, 0, Ab4
94, 1, 0, 0, 1, 0, 0, 1, 0, 1, 0, 0, 0, 1, Db, 1, V42, 5, major, 3, Ab4
95, 0, 1, 0, 0, 0, 1, 0, 0, 1, 0, 0, 0, 1, Db, 1, I6, 1, major, 1, Db5
96, 0, 1, 0, 0, 0, 1, 0, 0, 1, 0, 1, 0, 1, Db, 1, vi65, 6, minor, 1, Bb4
97, 1, 0, 0, 1, 0, 0, 0, 0, 1, 0, 0, 0, 1, Db, 1, V6, 5, major, 1, Ab5
98, 1, 0, 0, 1, 0, 0, 1, 0, 1, 0, 0, 0, 1, Db, 1, V43, 5, major, 2, Ab4
99, 0, 1, 0, 0, 0, 1, 0, 0, 1, 0, 0, 0, 1, Db, 1, I, 1, major, 0, Db4
100, 0, 1, 0, 0, 0, 1, 0, 0, 1, 0, 1, 0, 1, Db, 1, vi65, 6, minor, 1, Bb4
101, 1, 0, 0, 1, 0, 0, 0, 0, 1, 0, 0, 0, 1, Db, 1, V6, 5, major, 1, Ab5
101, 0, 1, 0, 0, 1, 0, 0, 0, 0, 1, 0, 0, 1, Db, 1, bVI6, 6, major, 1, Bbb4
102, 1, 0, 0, 1, 0, 0, 0, 0, 1, 0, 0, 0, 1, Db, 1, V6, 5, major, 1, Ab5
102, 0, 1, 0, 0, 1, 0, 0, 0, 0, 1, 0, 0, 1, Db, 1, bVI6, 6, major, 1, Bbb4
103, 1, 0, 0, 1, 0, 0, 0, 0, 1, 0, 0, 0, 1, Db, 1, V6, 5, major, 1, Ab5
103, 0, 0, 1, 0, 0, 1, 0, 0, 1, 0, 0, 1, 2, Eb, 0, viio43/ii, 7, diminished, 2, D5, Db, 1, ii, 2, minor, 0, Eb4
104, 0, 0, 0, 1, 0, 0, 1, 0, 0, 0, 1, 0, 1, Db, 1, ii6, 2, minor, 1, Eb5
104, 1, 0, 0, 1, 0, 0, 1, 0, 0, 1, 0, 0, 2, Bb, 0, viio7/vi, 7, diminished, 0, A5, Db, 1, vi, 6, minor, 0, Bb4
105, 1, 0, 0, 1, 0, 0, 1, 0, 1, 0, 0, 0, 1, Db, 1, V7, 5, major, 0, Ab4
106, 1, 0, 0, 1, 0, 0, 1, 0, 1, 0, 0, 0, 1, Db, 1, V7, 5, major, 0, Ab4
107, 1, 0, 0, 1, 0, 0, 1, 0, 1, 0, 0, 0, 1, Db, 1, V7, 5, major, 0, Ab4
108, 1, 0, 0, 1, 0, 0, 1, 0, 1, 0, 0, 0, 1, Db, 1, V7, 5, major, 0, Ab4
109, 0, 1, 0, 0, 0, 1, 0, 0, 1, 0, 0, 0, 1, Db, 1, I, 1, major, 0, Db4
110, 0, 1, 0, 0, 0, 1, 0, 0, 1, 0, 0, 0, 1, Db, 1, I, 1, major, 0, Db4
110, 1, 0, 0, 1, 0, 0, 1, 0, 1, 0, 0, 0, 1, Db, 1, V43, 5, major, 2, Ab4
111, 0, 1, 0, 0, 0, 1, 0, 0, 1, 0, 0, 0, 1, Db, 1, I6, 1, major, 1, Db5
112, 1, 0, 0, 1, 0, 0, 1, 0, 1, 0, 0, 0, 1, Db, 1, V42, 5, major, 3, Ab4
112, 0, 1, 0, 0, 0, 1, 0, 0, 1, 0, 0, 0, 1, Db, 1, I64, 1, major, 2, Db5
112, 1, 0, 0, 1, 0, 0, 1, 0, 1, 0, 0, 0, 1, Db, 1, V7, 5, major, 0, Ab4
113, 1, 0, 0, 0, 0, 1, 0, 0, 0, 1, 0, 0, 1, Bb, 0, V6, 5, major, 1, F6
114, 0, 1, 0, 0, 0, 1, 0, 0, 0, 0, 1, 0, 1, Bb, 0, i, 1, minor, 0, Bb4
114, 0, 1, 0, 0, 0, 1, 0, 0, 0, 0, 1, 0, 1, Bb, 0, i, 1, minor, 0, Bb4
114, 1, 0, 0, 1, 0, 1, 0, 0, 0, 1, 0, 0, 1, Bb, 0, V43, 5, major, 2, F5
115, 0, 1, 0, 0, 0, 1, 0, 0, 0, 0, 1, 0, 1, Bb, 0, i6, 1, minor, 1, Bb5
116, 0, 0, 0, 1, 0, 0, 1, 0, 0, 0, 1, 0, 1, Bb, 0, iv, 4, minor, 0, Eb5
116, 0, 1, 0, 0, 0, 1, 0, 0, 0, 0, 1, 0, 1, Bb, 0, i64, 1, minor, 2, Bb5
116, 1, 0, 0, 1, 0, 1, 0, 0, 0, 1, 0, 0, 1, Bb, 0, V7, 5, major, 0, F5
117, 0, 1, 0, 0, 0, 0, 1, 0, 0, 0, 1, 0, 1, Gb, 1, I, 1, major, 0, Gb4
118, 0, 1, 0, 0, 0, 0, 1, 0, 0, 0, 1, 0, 1, Gb, 1, I, 1, major, 0, Gb4
118, 0, 1, 0, 0, 0, 1, 0, 0, 1, 0, 0, 1, 1, Gb, 1, V43, 5, major, 2, Db5
119, 0, 1, 0, 0, 0, 0, 1, 0, 0, 0, 1, 0, 1, B, 0, V6, 5, major, 1, F#6
120, 0, 0, 1, 0, 0, 0, 1, 0, 0, 0, 0, 1, 1, B, 0, i, 1, minor, 0, B4
121, 0, 0, 1, 0, 0, 0, 0, 1, 0, 0, 0, 1, 1, C, 1, V6, 5, major, 1, G5
122, 1, 0, 0, 0, 1, 0, 0, 1, 0, 0, 0, 0, 1, C, 1, I, 1, major, 0, C4
123, 0, 1, 0, 0, 1, 0, 0, 1, 0, 0, 1, 0, 1, F, 0, viio42, 7, diminished, 3, E5
124, 0, 1, 0, 0, 1, 0, 0, 1, 0, 0, 1, 0, 1, F, 0, viio42, 7, diminished, 3, E5
125, 0, 1, 0, 0, 1, 0, 0, 1, 0, 0, 1, 0, 1, F, 0, viio42, 7, diminished, 3, E5
126, 0, 1, 0, 0, 1, 0, 0, 1, 0, 0, 1, 0, 1, F, 0, viio42, 7, diminished, 3, E5
127, 0, 1, 0, 0, 1, 0, 0, 1, 0, 0, 1, 0, 1, F, 0, viio42, 7, diminished, 3, E5
128, 0, 1, 0, 0, 1, 0, 0, 1, 0, 0, 1, 0, 1, F, 0, viio42, 7, diminished, 3, E5
129, 0, 1, 0, 0, 1, 0, 0, 1, 0, 0, 1, 0, 1, F, 0, viio42, 7, diminished, 3, E5
130, 0, 1, 0, 0, 1, 0, 0, 1, 0, 0, 1, 0, 1, F, 0, viio42, 7, diminished, 3, E5
131, 0, 1, 0, 0, 1, 0, 0, 1, 0, 0, 1, 0, 1, F, 0, viio42, 7, diminished, 3, E5
132, 1, 0, 0, 0, 1, 0, 0, 1, 0, 0, 1, 0, 1, F, 0, V7, 5, major, 0, C5
132, 0, 1, 0, 0, 1, 0, 0, 1, 0, 0, 1, 0, 1, F, 0, viio42, 7, diminished, 3, E5
132, 1, 0, 0, 0, 1, 0, 0, 1, 0, 0, 1, 0, 1, F, 0, V7, 5, major, 0, C5
133, 0, 1, 0, 0, 1, 0, 0, 1, 0, 0, 1, 0, 1, F, 0, viio42, 7, diminished, 3, E5
133, 1, 0, 0, 0, 1, 0, 0, 1, 0, 0, 1, 0, 1, F, 0, V7, 5, major, 0, C5
133, 0, 1, 0, 0, 1, 0, 0, 1, 0, 0, 1, 0, 1, F, 0, viio42, 7, diminished, 3, E5
133, 1, 0, 0, 0, 1, 0, 0, 1, 0, 0, 1, 0, 1, F, 0, V7, 5, major, 0, C5
134, 0, 1, 0, 0, 1, 0, 0, 1, 0, 0, 1, 0, 1, F, 0, viio42, 7, diminished, 3, E5
134, 1, 0, 0, 0, 1, 0, 0, 1, 0, 0, 1, 0, 1, F, 0, V7, 5, major, 0, C5
135, 1, 0, 0, 0, 1, 0, 0, 1, 0, 0, 1, 0, 1, F, 0, V7, 5, major, 0, C5
136, 1, 0, 0, 0, 0, 1, 0, 0, 1, 0, 0, 0, 1, F, 0, i, 1, minor, 0, F4
136, 1, 0, 0, 0, 0, 1, 0, 0, 1, 0, 0, 0, 1, F, 0, i, 1, minor, 0, F4
137, 1, 0, 0, 0, 0, 1, 0, 0, 1, 0, 0, 0, 1, F, 0, i, 1, minor, 0, F4
138, 1, 0, 0, 0, 1, 0, 0, 1, 0, 0, 0, 0, 1, F, 0, V, 5, major, 0, C5
138, 0, 0, 1, 0, 0, 1, 0, 0, 0, 0, 0, 1, 2, C, 1, viio64/V, 7, diminished, 2, B4, F, 0, V, 5, major, 0, C5
139, 1, 0, 0, 0, 1, 0, 0, 1, 0, 0, 0, 0, 1, F, 0, V, 5, major, 0, C5
140, 0, 1, 0, 0, 0, 0, 1, 0, 0, 0, 1, 0, 1, Gb, 1, I64, 1, major, 2, Gb5
140, 0, 1, 0, 0, 0, 0, 1, 0, 0, 0, 1, 0, 1, Gb, 1, I64, 1, major, 2, Gb5
141, 0, 1, 0, 0, 0, 0, 1, 0, 0, 0, 1, 0, 1, Gb, 1, I64, 1, major, 2, Gb5
142, 0, 1, 0, 0, 0, 1, 0, 0, 1, 0, 0, 0, 1, Gb, 1, V, 5, major, 0, Db5
142, 1, 0, 0, 1, 0, 0, 1, 0, 0, 0, 0, 0, 2, Db, 1, viio64/V, 7, diminished, 2, C5, Gb, 1, V, 5, major, 0, Db5
143, 0, 1, 0, 0, 0, 1, 0, 0, 1, 0, 0, 0, 1, Gb, 1, V, 5, major, 0, Db5
143, 0, 0, 1, 0, 0, 1, 0, 0, 0, 0, 0, 1, 2, C, 1, viio/V, 7, diminished, 0, B4, F, 0, V, 5, major, 0, C5
144, 1, 0, 0, 0, 1, 0, 0, 1, 0, 0, 0, 0, 1, F, 0, V6, 5, major, 1, C6
144, 1, 0, 1, 0, 0, 1, 0, 0, 0, 1, 0, 0, 2, Eb, 1, viihalfdim65/VII, 7, minor, 1, D5, F, 0, VII, 7, major, 0, Eb5
145, 1, 0, 0, 0, 1, 0, 0, 1, 0, 0, 0, 0, 1, F, 0, V6, 5, major, 1, C6
146, 1, 0, 0, 0, 1, 0, 0, 1, 0, 0, 0, 0, 1, F, 0, V64, 5, major, 2, C5
146, 1, 0, 0, 0, 0, 1, 0, 0, 1, 0, 0, 0, 1, F, 0, i6, 1, minor, 1, F5
147, 1, 0, 0, 0, 1, 0, 0, 1, 0, 0, 0, 0, 1, F, 0, V64, 5, major, 2, C5
148, 1, 0, 0, 0, 1, 0, 0, 1, 0, 0, 1, 0, 1, F, 0, V7, 5, major, 0, C5
149, 1, 0, 0, 0, 1, 0, 0, 1, 0, 0, 1, 0, 1, F, 0, V7, 5, major, 0, C5
150, 1, 0, 0, 0, 1, 0, 0, 1, 0, 0, 1, 0, 1, F, 0, V7, 5, major, 0, C5
150, 1, 0, 0, 0, 1, 0, 0, 1, 0, 0, 1, 0, 1, F, 0, V43, 5, major, 2, C5
151, 0, 1, 0, 0, 0, 1, 0, 0, 1, 0, 0, 0, 1, F, 0, VI6, 6, major, 1, Db5
151, 1, 0, 0, 0, 1, 0, 0, 1, 0, 0, 0, 0, 1, F, 0, V, 5, major, 0, C5
152, 1, 0, 0, 0, 0, 1, 0, 0, 0, 1, 0, 0, 1, F, 1, I, 1, major, 0, F4
152, 1, 0, 0, 0, 0, 1, 0, 0, 0, 1, 0, 0, 1, F, 1, I, 1, major, 0, F4
153, 1, 0, 0, 0, 0, 1, 0, 0, 0, 1, 0, 0, 1, F, 1, I, 1, major, 0, F4
154, 1, 0, 0, 0, 0, 1, 0, 0, 0, 1, 0, 0, 1, F, 1, I, 1, major, 0, F4
155, 1, 0, 0, 0, 1, 0, 0, 1, 0, 0, 0, 0, 1, F, 1, V6, 5, major, 1, C6
156, 1, 0, 0, 0, 1, 0, 0, 1, 0, 0, 0, 0, 1, F, 1, V6, 5, major, 1, C6
156, 0, 0, 1, 0, 0, 1, 0, 0, 1, 0, 0, 1, 2, C, 1, viio43/V, 7, diminished, 2, B4, F, 1, V, 5, major, 0, C5
157, 1, 0, 0, 0, 1, 0, 0, 1, 0, 0, 0, 0, 1, F, 1, V6, 5, major, 1, C6
158, 1, 0, 0, 0, 1, 0, 0, 1, 0, 0, 0, 0, 1, F, 1, V6, 5, major, 1, C6
158, 0, 0, 1, 0, 0, 1, 0, 0, 0, 1, 0, 0, 1, F, 1, vi6, 6, minor, 1, D5
159, 0, 0, 0, 0, 1, 0, 0, 1, 0, 0, 1, 0, 1, F, 1, viio6, 7, diminished, 1, E5
160, 0, 0, 0, 0, 1, 0, 0, 1, 0, 0, 1, 0, 1, F, 1, viio6, 7, diminished, 1, E5
160, 1, 0, 0, 0, 0, 1, 0, 0, 1, 0, 0, 0, 1, F, 0, i6, 1, minor, 1, F5
161, 0, 1, 0, 0, 1, 0, 0, 1, 0, 0, 1, 0, 1, F, 0, viio43, 7, diminished, 2, E5
162, 0, 1, 0, 0, 1, 0, 0, 1, 0, 0, 1, 0, 1, F, 0, viio43, 7, diminished, 2, E5
162, 0, 0, 1, 0, 0, 1, 0, 0, 1, 0, 0, 1, 2, C, 1, viio7/V, 7, diminished, 0, B4, F, 0, V, 5, major, 0, C5
163, 1, 0, 0, 0, 1, 0, 0, 1, 0, 0, 0, 0, 1, F, 0, V, 5, major, 0, C5
164, 1, 0, 0, 0, 0, 1, 0, 0, 1, 0, 0, 0, 1, F, 0, i, 1, minor, 0, F4
165, 1, 1, 0, 0, 0, 1, 0, 0, 1, 0, 0, 0, 1, F, 0, VI65, 6, major, 1, Db5
166, 1, 0, 0, 0, 1, 0, 0, 1, 0, 0, 0, 0, 1, F, 0, V6, 5, major, 1, C6
167, 1, 0, 0, 0, 1, 0, 0, 1, 0, 0, 1, 0, 1, F, 0, V43, 5, major, 2, C5
168, 1, 0, 0, 0, 0, 1, 0, 0, 1, 0, 0, 0, 1, F, 0, i, 1, minor, 0, F4
169, 1, 1, 0, 0, 0, 1, 0, 0, 1, 0, 0, 0, 1, F, 0, VI65, 6, major, 1, Db5
170, 1, 0, 0, 0, 1, 0, 0, 1, 0, 0, 0, 0, 1, F, 0, V6, 5, major, 1, C6
170, 1, 0, 0, 1, 0, 0, 1, 0, 0, 1, 0, 0, 2, G, 0, viio42/ii, 7, diminished, 3, F#5, F, 0, ii, 2, minor, 0, G4
171, 0, 0, 1, 0, 0, 1, 0, 0, 0, 0, 0, 1, 2, C, 1, viio6/V, 7, diminished, 1, B4, F, 0, V, 5, major, 0, C5
171, 0, 1, 0, 0, 0, 1, 0, 0, 0, 0, 1, 0, 1, F, 0, iv6, 4, minor, 1, Bb5
172, 1, 0, 0, 0, 0, 1, 0, 0, 1, 0, 0, 0, 1, F, 0, i64, 1, minor, 2, F5
173, 1, 0, 0, 0, 1, 0, 0, 1, 0, 0, 1, 0, 1, F, 0, V7, 5, major, 0, C5
174, 1, 0, 0, 0, 0, 1, 0, 0, 0, 1, 0, 0, 1, F, 1, I, 1, major, 0, F4
175, 1, 0, 0, 0, 0, 1, 0, 0, 0, 1, 0, 0, 1, F, 1, I, 1, major, 0, F4
176, 1, 0, 0, 0, 0, 1, 0, 0, 0, 1, 0, 0, 1, F, 1, I, 1, major, 0, F4
177, 0, 0, 1, 0, 0, 1, 0, 0, 0, 0, 1, 0, 1, F, 1, IV, 4, major, 0, Bb4
177, 1, 0, 0, 0, 0, 1, 0, 0, 0, 1, 0, 0, 1, F, 1, I64, 1, major, 2, F5
177, 1, 0, 0, 0, 1, 0, 0, 1, 0, 0, 1, 0, 1, F, 1, V7, 5, major, 0, C5
178, 1, 0, 0, 0, 0, 1, 0, 0, 0, 1, 0, 0, 1, F, 1, I, 1, major, 0, F4
179, 1, 0, 0, 0, 0, 1, 0, 0, 0, 1, 0, 0, 1, F, 1, I, 1, major, 0, F4
179, 1, 0, 0, 0, 1, 0, 0, 1, 0, 0, 1, 0, 1, F, 1, V43, 5, major, 2, C5
180, 1, 0, 0, 0, 0, 1, 0, 0, 0, 1, 0, 0, 1, F, 1, I6, 1, major, 1, F5
181, 0, 1, 0, 0, 0, 0, 1, 0, 0, 0, 1, 0, 1, F, 0, N6, 2, major, 1, Gb5
182, 1, 0, 0, 0, 0, 1, 0, 0, 1, 0, 0, 0, 1, F, 0, i64, 1, minor, 2, F5
183, 1, 0, 0, 0, 1, 0, 0, 1, 0, 0, 1, 0, 1, F, 0, V7, 5, major, 0, C5
184, 1, 0, 0, 0, 1, 0, 0, 1, 0, 0, 1, 0, 1, F, 0, V7, 5, major, 0, C5
185, 1, 0, 0, 0, 1, 0, 0, 1, 0, 0, 1, 0, 1, F, 0, V7, 5, major, 0, C5
186, 1, 0, 0, 0, 1, 0, 0, 1, 0, 0, 1, 0, 1, F, 0, V7, 5, major, 0, C5
187, 1, 0, 0, 0, 1, 0, 0, 1, 0, 0, 1, 0, 1, F, 0, V7, 5, major, 0, C5
188, 1, 0, 0, 0, 1, 0, 0, 1, 0, 0, 1, 0, 1, F, 0, V7, 5, major, 0, C5
189, 1, 0, 0, 0, 1, 0, 0, 1, 0, 0, 1, 0, 1, F, 0, V7, 5, major, 0, C5
189, 1, 0, 0, 0, 0, 1, 0, 0, 1, 0, 0, 0, 1, F, 0, i, 1, minor, 0, F4
190, 1, 0, 0, 0, 0, 1, 0, 0, 1, 0, 0, 0, 1, F, 0, i, 1, minor, 0, F4
191, 0, 1, 0, 0, 0, 1, 0, 0, 1, 0, 0, 0, 1, F, 0, VI6, 6, major, 1, Db5
192, 0, 1, 0, 0, 0, 0, 1, 0, 0, 0, 1, 0, 1, F, 0, bII, 2, major, 0, Gb4
193, 0, 1, 0, 0, 1, 0, 0, 1, 0, 0, 1, 0, 1, F, 0, viio65, 7, diminished, 1, E5
193, 0, 1, 0, 0, 1, 0, 0, 1, 0, 0, 1, 0, 1, F, 0, viio65, 7, diminished, 1, E5
194, 1, 0, 0, 0, 1, 0, 0, 1, 0, 0, 1, 0, 1, F, 0, V7, 5, major, 0, C5
194, 1, 0, 0, 0, 0, 1, 0, 0, 1, 0, 0, 0, 1, F, 0, i, 1, minor, 0, F4
195, 0, 1, 0, 0, 0, 1, 0, 0, 1, 0, 0, 0, 1, F, 0, VI6, 6, major, 1, Db5
196, 0, 1, 0, 0, 0, 0, 1, 0, 0, 0, 1, 0, 1, F, 0, bII, 2, major, 0, Gb4
197, 0, 1, 0, 0, 1, 0, 0, 1, 0, 0, 1, 0, 1, F, 0, viio65, 7, diminished, 1, E5
197, 0, 1, 0, 0, 1, 0, 0, 1, 0, 0, 1, 0, 1, F, 0, viio65, 7, diminished, 1, E5
198, 1, 0, 0, 0, 1, 0, 0, 1, 0, 0, 1, 0, 1, F, 0, V7, 5, major, 0, C5
198, 0, 0, 1, 0, 0, 1, 0, 1, 0, 0, 1, 0, 1, F, 0, iihalfdim42, 2, minor, 3, G4
198, 1, 0, 0, 0, 1, 0, 0, 1, 0, 0, 1, 0, 1, F, 0, V65, 5, major, 1, C6
198, 0, 0, 1, 0, 0, 1, 0, 1, 0, 0, 1, 0, 1, F, 0, iihalfdim43, 2, minor, 2, G5
199, 1, 0, 0, 0, 1, 0, 0, 1, 0, 0, 1, 0, 1, F, 0, V7, 5, major, 0, C5
199, 0, 0, 1, 0, 0, 1, 0, 0, 1, 0, 0, 1, 2, C, 1, viio7/V, 7, diminished, 0, B4, F, 0, V, 5, major, 0, C5
199, 1, 0, 0, 0, 1, 0, 0, 1, 0, 0, 1, 0, 1, F, 0, V7, 5, major, 0, C5
200, 1, 0, 0, 0, 0, 1, 0, 0, 1, 0, 0, 0, 1, F, 0, i, 1, minor, 0, F4
200, 0, 1, 0, 0, 0, 1, 0, 0, 0, 0, 1, 0, 1, F, 0, iv, 4, minor, 0, Bb4
200, 1, 0, 0, 0, 0, 1, 0, 0, 1, 0, 0, 0, 1, F, 0, i6, 1, minor, 1, F5
201, 1, 0, 0, 0, 1, 0, 0, 1, 0, 0, 1, 0, 1, F, 0, V43, 5, major, 2, C5
201, 1, 0, 0, 0, 0, 1, 0, 0, 1, 0, 0, 0, 1, F, 0, i, 1, minor, 0, F4
201, 0, 1, 0, 0, 0, 1, 0, 0, 0, 0, 1, 0, 1, F, 0, iv, 4, minor, 0, Bb4
201, 1, 0, 0, 0, 0, 1, 0, 0, 1, 0, 0, 0, 1, F, 0, i6, 1, minor, 1, F5
202, 1, 0, 0, 0, 1, 0, 0, 1, 0, 0, 1, 0, 1, F, 0, V43, 5, major, 2, C5
202, 1, 0, 0, 0, 0, 1, 0, 0, 1, 0, 0, 0, 1, F, 0, i, 1, minor, 0, F4
202, 0, 1, 0, 0, 0, 1, 0, 0, 0, 0, 1, 0, 1, F, 0, iv, 4, minor, 0, Bb4
202, 1, 0, 0, 0, 0, 1, 0, 0, 1, 0, 0, 0, 1, F, 0, i6, 1, minor, 1, F5
203, 1, 0, 0, 0, 1, 0, 0, 1, 0, 0, 1, 0, 1, F, 0, V43, 5, major, 2, C5
203, 1, 0, 0, 0, 0, 1, 0, 0, 1, 0, 0, 0, 1, F, 0, i, 1, minor, 0, F4
204, 1, 0, 0, 0, 0, 1, 0, 0, 1, 0, 0, 0, 1, F, 0, i, 1, minor, 0, F4
205, 1, 0, 0, 0, 0, 1, 0, 0, 1, 0, 0, 0, 1, F, 0, i, 1, minor, 0, F4
206, 1, 0, 0, 1, 0, 0, 1, 0, 1, 0, 0, 0, 1, Db, 1, V42, 5, major, 3, Ab4
207, 1, 0, 0, 1, 0, 0, 1, 0, 1, 0, 0, 0, 1, Db, 1, V42, 5, major, 3, Ab4
208, 0, 1, 0, 0, 0, 1, 0, 0, 1, 0, 0, 0, 1, Db, 1, I6, 1, major, 1, Db5
209, 1, 0, 0, 1, 0, 0, 1, 0, 1, 0, 0, 0, 1, Db, 1, V43, 5, major, 2, Ab4
210, 0, 1, 0, 0, 0, 1, 0, 0, 1, 0, 0, 0, 1, Db, 1, I, 1, major, 0, Db4
211, 0, 1, 0, 0, 0, 1, 0, 0, 1, 0, 0, 0, 1, Db, 1, I, 1, major, 0, Db4
211, 1, 0, 0, 1, 0, 0, 1, 0, 1, 0, 0, 0, 1, Db, 1, V43, 5, major, 2, Ab4
212, 0, 1, 0, 0, 0, 1, 0, 0, 1, 0, 0, 0, 1, Db, 1, I6, 1, major, 1, Db5
213, 0, 1, 0, 0, 0, 1, 0, 0, 1, 0, 0, 0, 1, F, 0, VI6, 6, major, 1, Db5
213, 1, 0, 0, 1, 0, 0, 1, 0, 0, 1, 0, 0, 2, G, 0, viio7/ii, 7, diminished, 0, F#5, F, 0, ii, 2, minor, 0, G4
214, 0, 0, 1, 0, 0, 1, 0, 0, 1, 0, 0, 1, 2, C, 1, viio43/V, 7, diminished, 2, B4, F, 0, V, 5, major, 0, C5
215, 1, 0, 0, 0, 1, 0, 0, 1, 0, 0, 0, 0, 1, F, 0, V6, 5, major, 1, C6
216, 0, 1, 0, 0, 1, 0, 0, 1, 0, 0, 1, 0, 1, F, 0, viio43, 7, diminished, 2, E5
217, 1, 0, 0, 0, 0, 1, 0, 0, 1, 0, 0, 0, 1, F, 0, i6, 1, minor, 1, F5
218, 0, 1, 0, 0, 0, 0, 1, 0, 0, 0, 1, 0, 1, F, 0, N6, 2, major, 1, Gb5
219, 0, 1, 0, 0, 0, 0, 1, 0, 0, 0, 1, 0, 1, F, 0, N6, 2, major, 1, Gb5
220, 1, 0, 0, 1, 0, 0, 0, 0, 0, 1, 0, 0, 2, Bb, 0, viio6/iv, 7, diminished, 1, A5, F, 0, iv, 4, minor, 0, Bb4
221, 1, 0, 0, 1, 0, 0, 0, 0, 0, 1, 0, 0, 2, Bb, 0, viio6/iv, 7, diminished, 1, A5, F, 0, iv, 4, minor, 0, Bb4
222, 0, 1, 0, 0, 0, 1, 0, 0, 0, 0, 1, 0, 1, F, 0, iv6, 4, minor, 1, Bb5
222, 1, 0, 0, 0, 1, 0, 0, 1, 0, 0, 0, 0, 1, F, 0, V6, 5, major, 1, C6
223, 0, 1, 0, 0, 0, 1, 0, 0, 1, 0, 0, 0, 1, F, 0, VI6, 6, major, 1, Db5
223, 1, 0, 0, 0, 1, 0, 0, 1, 0, 0, 1, 0, 1, F, 0, V43, 5, major, 2, C5
224, 1, 0, 0, 0, 0, 1, 0, 0, 1, 0, 0, 0, 1, F, 0, i6, 1, minor, 1, F5
224, 0, 1, 0, 0, 0, 0, 0, 1, 0, 0, 1, 0, 1, F, 0, iio6, 2, diminished, 1, G5
224, 1, 0, 0, 1, 0, 0, 0, 0, 0, 1, 0, 0, 2, Bb, 0, viio6/iv, 7, diminished, 1, A5, F, 0, iv, 4, minor, 0, Bb4
225, 0, 1, 0, 0, 0, 1, 0, 0, 0, 0, 1, 0, 1, F, 0, iv6, 4, minor, 1, Bb5
225, 1, 0, 0, 0, 1, 0, 0, 1, 0, 0, 0, 0, 1, F, 0, V6, 5, major, 1, C6
225, 1, 0, 0, 0, 0, 1, 0, 0, 1, 0, 0, 0, 1, F, 0, i, 1, minor, 0, F4
225, 0, 0, 0, 0, 1, 0, 0, 1, 0, 0, 1, 0, 1, F, 0, viio6, 7, diminished, 1, E5
226, 1, 0, 0, 0, 0, 1, 0, 0, 1, 0, 0, 0, 1, F, 0, i6, 1, minor, 1, F5
226, 0, 1, 0, 0, 0, 0, 0, 1, 0, 0, 1, 0, 1, F, 0, iio6, 2, diminished, 1, G5
226, 1, 0, 0, 1, 0, 0, 0, 0, 0, 1, 0, 0, 2, Bb, 0, viio6/iv, 7, diminished, 1, A5, F, 0, iv, 4, minor, 0, Bb4
226, 0, 1, 0, 0, 0, 1, 0, 0, 0, 0, 1, 0, 1, F, 0, iv6, 4, minor, 1, Bb5
227, 0, 1, 0, 0, 0, 1, 0, 0, 0, 0, 1, 0, 1, F, 0, iv6, 4, minor, 1, Bb5
228, 0, 1, 0, 0, 0, 1, 0, 0, 0, 0, 1, 0, 1, F, 0, iv6, 4, minor, 1, Bb5
229, 0, 0, 1, 0, 0, 1, 0, 0, 1, 0, 0, 1, 2, C, 1, viio65/V, 7, diminished, 1, B4, F, 0, V, 5, major, 0, C5
230, 0, 0, 1, 0, 0, 1, 0, 0, 1, 0, 0, 1, 2, C, 1, viio65/V, 7, diminished, 1, B4, F, 0, V, 5, major, 0, C5
231, 1, 0, 0, 0, 0, 1, 0, 0, 1, 0, 0, 0, 1, F, 0, i64, 1, minor, 2, F5
232, 1, 0, 0, 0, 0, 1, 0, 0, 1, 0, 0, 0, 1, F, 0, i64, 1, minor, 2, F5
233, 1, 0, 0, 0, 1, 0, 0, 1, 0, 0, 1, 0, 1, F, 0, V7, 5, major, 0, C5
234, 1, 0, 0, 0, 1, 0, 0, 1, 0, 0, 1, 0, 1, F, 0, V7, 5, major, 0, C5
235, 1, 0, 0, 0, 1, 0, 0, 1, 0, 0, 1, 0, 1, F, 0, V7, 5, major, 0, C5
236, 1, 0, 0, 0, 1, 0, 0, 1, 0, 0, 1, 0, 1, F, 0, V7, 5, major, 0, C5
237, 1, 0, 0, 0, 1, 0, 0, 1, 0, 0, 1, 0, 1, F, 0, V7, 5, major, 0, C5
238, 1, 0, 0, 0, 1, 0, 0, 1, 0, 0, 1, 0, 1, F, 0, V7, 5, major, 0, C5
238, 0, 1, 0, 0, 1, 0, 0, 1, 0, 0, 1, 0, 1, F, 0, viio42, 7, diminished, 3, E5
239, 1, 0, 0, 0, 1, 0, 0, 1, 0, 0, 1, 0, 1, F, 0, V7, 5, major, 0, C5
239, 1, 0, 0, 0, 0, 1, 0, 0, 1, 0, 0, 0, 1, F, 0, i, 1, minor, 0, F4
240, 1, 0, 0, 0, 0, 1, 0, 0, 1, 0, 0, 0, 1, F, 0, i, 1, minor, 0, F4
240, 1, 0, 0, 0, 1, 0, 0, 1, 0, 0, 1, 0, 1, F, 0, V42, 5, major, 3, C5
241, 1, 0, 0, 0, 0, 1, 0, 0, 1, 0, 0, 0, 1, F, 0, i6, 1, minor, 1, F5
242, 1, 0, 0, 0, 0, 1, 0, 0, 1, 0, 0, 0, 1, F, 0, i6, 1, minor, 1, F5
242, 1, 0, 0, 0, 1, 0, 0, 1, 0, 0, 1, 0, 1, F, 0, V42, 5, major, 3, C5
243, 1, 0, 0, 1, 0, 0, 1, 0, 0, 1, 0, 0, 2, Bb, 0, viio7/iv, 7, diminished, 0, A5, F, 0, iv, 4, minor, 0, Bb4
244, 0, 1, 0, 0, 0, 1, 0, 0, 0, 0, 1, 0, 1, F, 0, iv6, 4, minor, 1, Bb5
245, 1, 0, 0, 0, 0, 1, 0, 0, 1, 0, 0, 0, 1, F, 0, i64, 1, minor, 2, F5
245, 1, 0, 0, 0, 1, 0, 0, 1, 0, 0, 1, 0, 1, F, 0, V7, 5, major, 0, C5
246, 1, 0, 0, 1, 0, 0, 1, 0, 0, 1, 0, 0, 2, Bb, 0, viio7/iv, 7, diminished, 0, A5, F, 0, iv, 4, minor, 0, Bb4
247, 0, 1, 0, 0, 0, 1, 0, 0, 0, 0, 1, 0, 1, F, 0, iv6, 4, minor, 1, Bb5
248, 1, 0, 0, 0, 0, 1, 0, 0, 1, 0, 0, 0, 1, F, 0, i64, 1, minor, 2, F5
248, 1, 0, 0, 0, 1, 0, 0, 1, 0, 0, 1, 0, 1, F, 0, V7, 5, major, 0, C5
249, 1, 0, 0, 0, 0, 1, 0, 0, 1, 0, 0, 0, 1, F, 0, i, 1, minor, 0, F4
249, 1, 0, 0, 0, 1, 0, 0, 1, 0, 0, 1, 0, 1, F, 0, V65, 5, major, 1, C6
250, 1, 0, 0, 0, 0, 1, 0, 0, 1, 0, 0, 0, 1, F, 0, i, 1, minor, 0, F4
250, 1, 0, 0, 0, 1, 0, 0, 1, 0, 0, 1, 0, 1, F, 0, V65, 5, major, 1, C6
251, 1, 0, 0, 0, 0, 1, 0, 0, 1, 0, 0, 0, 1, F, 0, i, 1, minor, 0, F4
251, 0, 0, 1, 0, 0, 1, 0, 1, 0, 0, 1, 0, 1, F, 0, iihalfdim65, 2, minor, 1, G5
251, 1, 0, 0, 0, 0, 1, 0, 0, 1, 0, 0, 0, 1, F, 0, i64, 1, minor, 2, F5
252, 1, 0, 0, 0, 1, 0, 0, 1, 0, 0, 0, 0, 1, F, 0, V, 5, major, 0, C5
252, 1, 0, 0, 0, 0, 1, 0, 0, 1, 0, 0, 0, 1, F, 0, i, 1, minor, 0, F4
252, 1, 0, 0, 0, 1, 0, 0, 1, 0, 0, 1, 0, 1, F, 0, V65, 5, major, 1, C6
253, 1, 0, 0, 0, 0, 1, 0, 0, 1, 0, 0, 0, 1, F, 0, i, 1, minor, 0, F4
253, 1, 0, 0, 0, 1, 0, 0, 1, 0, 0, 1, 0, 1, F, 0, V65, 5, major, 1, C6
254, 1, 0, 0, 0, 0, 1, 0, 0, 1, 0, 0, 0, 1, F, 0, i, 1, minor, 0, F4
254, 0, 0, 1, 0, 0, 1, 0, 1, 0, 0, 1, 0, 1, F, 0, iihalfdim65, 2, minor, 1, G5
254, 1, 0, 0, 0, 0, 1, 0, 0, 1, 0, 0, 0, 1, F, 0, i64, 1, minor, 2, F5
255, 1, 0, 0, 0, 1, 0, 0, 1, 0, 0, 1, 0, 1, F, 0, V42, 5, major, 3, C5
255, 1, 0, 0, 0, 0, 1, 0, 0, 1, 0, 0, 0, 1, F, 0, i6, 1, minor, 1, F5
255, 0, 0, 1, 0, 0, 1, 0, 1, 0, 0, 1, 0, 1, F, 0, iihalfdim65, 2, minor, 1, G5
255, 1, 0, 0, 0, 0, 1, 0, 0, 1, 0, 0, 0, 1, F, 0, i64, 1, minor, 2, F5
256, 1, 0, 0, 0, 1, 0, 0, 1, 0, 0, 1, 0, 1, F, 0, V42, 5, major, 3, C5
256, 1, 0, 0, 0, 0, 1, 0, 0, 1, 0, 0, 0, 1, F, 0, i6, 1, minor, 1, F5
256, 0, 0, 1, 0, 0, 1, 0, 1, 0, 0, 1, 0, 1, F, 0, iihalfdim65, 2, minor, 1, G5
256, 1, 0, 0, 0, 0, 1, 0, 0, 1, 0, 0, 0, 1, F, 0, i64, 1, minor, 2, F5
257, 1, 0, 0, 0, 1, 0, 0, 1, 0, 0, 0, 0, 1, F, 0, V, 5, major, 0, C5
257, 1, 0, 0, 0, 0, 1, 0, 0, 1, 0, 0, 0, 1, F, 0, i, 1, minor, 0, F4
