1, 0, 0, 1, 0, 0, 0, 0, 1, 0, 0, 0, 1, 1, G, 1, I, 1, major, 0, G4
2, 0, 0, 1, 0, 0, 0, 0, 1, 0, 0, 0, 1, 1, G, 1, I, 1, major, 0, G4
3, 0, 0, 1, 0, 0, 0, 0, 1, 0, 0, 0, 1, 1, G, 1, I, 1, major, 0, G4
4, 1, 0, 0, 0, 1, 0, 0, 1, 0, 0, 0, 0, 1, G, 1, IV, 4, major, 0, C5
5, 1, 0, 0, 0, 1, 0, 0, 0, 0, 1, 0, 0, 1, G, 1, ii6, 2, minor, 1, A5
6, 1, 0, 1, 0, 0, 0, 1, 0, 0, 1, 0, 0, 1, G, 1, V43, 5, major, 2, D5
7, 1, 0, 1, 0, 0, 0, 1, 0, 0, 1, 0, 0, 1, G, 1, V43, 5, major, 2, D5
8, 0, 0, 1, 0, 0, 0, 0, 1, 0, 0, 0, 1, 1, G, 1, I, 1, major, 0, G4
9, 0, 0, 1, 0, 0, 0, 1, 0, 0, 1, 0, 0, 1, G, 1, V6, 5, major, 1, D6
10, 0, 0, 1, 0, 0, 0, 0, 1, 0, 0, 0, 1, 1, G, 1, I, 1, major, 0, G4
11, 1, 0, 0, 0, 1, 0, 0, 1, 0, 0, 0, 0, 1, G, 1, IV, 4, major, 0, C5
11, 0, 1, 0, 0, 1, 0, 0, 1, 0, 1, 0, 0, 2, D, 1, V65/V, 5, major, 1, A5, G, 1, V, 5, major, 0, D5
12, 0, 0, 1, 0, 0, 0, 1, 0, 0, 1, 0, 0, 1, G, 1, V, 5, major, 0, D5
13, 0, 0, 1, 0, 0, 0, 1, 0, 0, 1, 0, 0, 1, G, 1, V, 5, major, 0, D5
14, 0, 0, 1, 0, 0, 0, 1, 0, 0, 1, 0, 0, 1, G, 1, V, 5, major, 0, D5
15, 0, 0, 1, 0, 0, 0, 1, 0, 0, 1, 0, 0, 1, G, 1, V, 5, major, 0, D5
16, 0, 0, 1, 0, 0, 0, 1, 0, 0, 0, 0, 1, 1, G, 1, iii, 3, minor, 0, B4
17, 0, 0, 1, 0, 0, 0, 1, 0, 0, 0, 0, 1, 1, G, 1, iii, 3, minor, 0, B4
18, 0, 0, 1, 0, 0, 0, 1, 0, 0, 0, 0, 1, 1, G, 1, iii, 3, minor, 0, B4
19, 0, 0, 1, 0, 0, 0, 1, 0, 0, 0, 0, 1, 1, G, 1, iii, 3, minor, 0, B4
20, 0, 0, 1, 0, 1, 0, 0, 0, 1, 0, 0, 1, 1, A, 1, V65, 5, major, 1, E6
21, 0, 0, 1, 0, 1, 0, 0, 0, 1, 0, 0, 1, 1, A, 1, V65, 5, major, 1, E6
22, 0, 0, 1, 0, 1, 0, 0, 0, 1, 0, 0, 1, 1, A, 1, V65, 5, major, 1, E6
23, 0, 0, 1, 0, 1, 0, 0, 0, 1, 0, 0, 1, 1, A, 1, V65, 5, major, 1, E6
24, 0, 1, 0, 0, 1, 0, 0, 0, 0, 1, 0, 0, 1, A, 1, I, 1, major, 0, A4
25, 0, 0, 1, 0, 1, 0, 0, 0, 1, 0, 0, 1, 1, A, 1, V65, 5, major, 1, E6
26, 0, 1, 0, 0, 1, 0, 0, 1, 0, 1, 0, 0, 1, D, 1, V7, 5, major, 0, A4
27, 0, 0, 1, 0, 0, 0, 1, 0, 0, 1, 0, 0, 1, D, 1, I, 1, major, 0, D4
28, 0, 1, 0, 0, 1, 0, 0, 0, 0, 1, 0, 0, 1, A, 1, I, 1, major, 0, A4
29, 0, 0, 1, 0, 1, 0, 0, 0, 1, 0, 0, 1, 1, A, 1, V65, 5, major, 1, E6
30, 0, 1, 0, 0, 1, 0, 0, 1, 0, 1, 0, 0, 1, D, 1, V7, 5, major, 0, A4
31, 0, 0, 1, 0, 0, 0, 1, 0, 0, 1, 0, 0, 1, D, 1, I, 1, major, 0, D4
32, 0, 1, 0, 0, 1, 0, 0, 0, 0, 1, 0, 0, 1, D, 1, V, 5, major, 0, A4
33, 0, 0, 1, 0, 0, 0, 1, 0, 0, 0, 0, 1, 1, D, 1, vi, 6, minor, 0, B4
34, 0, 0, 1, 0, 1, 0, 0, 0, 1, 0, 0, 1, 2, A, 1, V42/V, 5, major, 3, E5, D, 1, V, 5, major, 0, A4
35, 0, 1, 0, 0, 1, 0, 0, 1, 0, 1, 0, 0, 1, D, 1, V7, 5, major, 0, A4
36, 0, 1, 0, 0, 1, 0, 0, 1, 0, 1, 0, 0, 1, D, 1, V7, 5, major, 0, A4
37, 0, 1, 0, 0, 1, 0, 0, 1, 0, 0, 1, 0, 1, D, 1, viio42, 7, diminished, 3, C#5
38, 0, 1, 0, 0, 1, 0, 0, 1, 0, 1, 0, 0, 1, D, 1, V7, 5, major, 0, A4
38, 0, 1, 0, 0, 1, 0, 0, 1, 0, 1, 0, 0, 1, D, 1, V42, 5, major, 3, A4
39, 0, 0, 1, 0, 0, 0, 1, 0, 0, 1, 0, 0, 1, D, 1, I6, 1, major, 1, D5
39, 0, 0, 1, 0, 0, 0, 1, 0, 0, 1, 0, 0, 1, D, 1, I, 1, major, 0, D4
40, 0, 1, 0, 0, 1, 0, 0, 1, 0, 1, 0, 0, 1, D, 1, V7, 5, major, 0, A4
41, 0, 1, 0, 0, 1, 0, 0, 1, 0, 1, 0, 0, 1, D, 1, V7, 5, major, 0, A4
42, 0, 1, 0, 0, 1, 0, 0, 1, 0, 1, 0, 0, 1, D, 1, V7, 5, major, 0, A4
43, 0, 1, 0, 0, 1, 0, 0, 1, 0, 1, 0, 0, 1, D, 1, V7, 5, major, 0, A4
44, 0, 0, 1, 0, 0, 0, 0, 1, 0, 0, 0, 1, 1, D, 1, IV, 4, major, 0, G4
44, 0, 0, 0, 0, 1, 0, 0, 1, 0, 0, 0, 1, 1, D, 1, ii6, 2, minor, 1, E5
45, 0, 0, 1, 0, 0, 0, 1, 0, 0, 1, 0, 0, 1, D, 1, I64, 1, major, 2, D5
45, 0, 1, 0, 0, 1, 0, 0, 1, 0, 1, 0, 0, 1, D, 1, V7, 5, major, 0, A4
46, 0, 0, 1, 0, 0, 0, 1, 0, 0, 1, 0, 0, 1, D, 1, I, 1, major, 0, D4
47, 0, 1, 0, 0, 1, 0, 0, 1, 0, 1, 0, 0, 1, D, 1, V43, 5, major, 2, A4
48, 0, 0, 1, 0, 0, 0, 0, 1, 0, 0, 0, 1, 1, G, 1, I6, 1, major, 1, G5
49, 1, 0, 1, 0, 0, 0, 1, 0, 0, 1, 0, 0, 1, G, 1, V43, 5, major, 2, D5
50, 0, 0, 1, 0, 0, 0, 0, 1, 0, 0, 0, 1, 1, G, 1, I, 1, major, 0, G4
51, 0, 0, 1, 0, 0, 0, 0, 1, 0, 0, 0, 1, 1, G, 1, I, 1, major, 0, G4
52, 0, 0, 0, 0, 1, 0, 0, 0, 1, 0, 0, 1, 1, E, 1, I6, 1, major, 1, E5
53, 0, 0, 0, 1, 0, 0, 1, 0, 0, 1, 0, 1, 1, E, 1, V43, 5, major, 2, B4
54, 0, 0, 0, 0, 1, 0, 0, 0, 1, 0, 0, 1, 1, E, 1, I, 1, major, 0, E4
55, 0, 0, 0, 0, 1, 0, 0, 0, 1, 0, 0, 1, 1, E, 1, I, 1, major, 0, E4
56, 0, 0, 0, 0, 1, 0, 0, 0, 1, 0, 0, 1, 1, E, 1, I, 1, major, 0, E4
57, 0, 1, 0, 0, 1, 0, 0, 0, 0, 1, 0, 0, 1, E, 1, IV, 4, major, 0, A4
58, 0, 1, 0, 0, 0, 0, 1, 0, 0, 1, 0, 0, 1, E, 1, ii6, 2, minor, 1, F#5
59, 0, 0, 0, 1, 0, 0, 1, 0, 0, 1, 0, 1, 1, E, 1, V43, 5, major, 2, B4
60, 0, 0, 0, 1, 0, 0, 1, 0, 0, 1, 0, 1, 1, E, 1, V43, 5, major, 2, B4
61, 0, 0, 0, 0, 1, 0, 0, 0, 1, 0, 0, 1, 1, E, 1, I, 1, major, 0, E4
62, 0, 0, 0, 0, 1, 0, 0, 0, 1, 0, 0, 1, 1, E, 1, I, 1, major, 0, E4
63, 0, 0, 0, 0, 1, 0, 0, 0, 1, 0, 0, 1, 1, E, 1, I, 1, major, 0, E4
64, 0, 0, 0, 1, 0, 0, 1, 0, 0, 1, 0, 1, 1, E, 1, V7, 5, major, 0, B4
65, 0, 0, 0, 1, 0, 0, 1, 0, 0, 1, 0, 1, 1, E, 1, V7, 5, major, 0, B4
66, 0, 0, 0, 1, 0, 0, 1, 0, 0, 1, 0, 1, 1, E, 1, V7, 5, major, 0, B4
67, 0, 0, 0, 1, 0, 0, 1, 0, 0, 1, 0, 1, 1, E, 1, V7, 5, major, 0, B4
68, 0, 0, 0, 0, 1, 0, 0, 1, 0, 0, 0, 1, 1, C, 1, iii, 3, minor, 0, E4
69, 1, 0, 0, 0, 1, 0, 0, 1, 0, 0, 0, 0, 1, C, 1, I, 1, major, 0, C4
70, 1, 0, 0, 0, 1, 0, 0, 1, 0, 0, 0, 0, 1, C, 1, I, 1, major, 0, C4
71, 1, 0, 0, 0, 1, 0, 0, 1, 0, 0, 0, 0, 1, C, 1, I, 1, major, 0, C4
72, 0, 0, 1, 0, 0, 1, 0, 1, 0, 0, 0, 1, 1, C, 1, V7, 5, major, 0, G4
73, 0, 0, 1, 0, 0, 1, 0, 1, 0, 0, 0, 1, 1, C, 1, V7, 5, major, 0, G4
74, 0, 0, 1, 0, 0, 1, 0, 1, 0, 0, 0, 1, 1, C, 1, V7, 5, major, 0, G4
75, 0, 0, 1, 0, 0, 1, 0, 1, 0, 0, 0, 1, 1, C, 1, V7, 5, major, 0, G4
76, 1, 0, 0, 0, 1, 0, 0, 1, 0, 0, 0, 0, 1, C, 1, I, 1, major, 0, C4
77, 1, 0, 0, 0, 1, 0, 0, 1, 0, 0, 0, 0, 1, C, 1, I, 1, major, 0, C4
78, 0, 0, 1, 0, 0, 0, 0, 1, 0, 0, 0, 1, 1, C, 1, V6, 5, major, 1, G5
79, 1, 0, 0, 0, 1, 0, 0, 1, 0, 0, 0, 0, 1, C, 1, I, 1, major, 0, C4
80, 1, 0, 0, 0, 0, 1, 0, 0, 0, 1, 0, 0, 1, C, 1, IV, 4, major, 0, F4
80, 1, 0, 1, 0, 0, 0, 1, 0, 0, 1, 0, 0, 2, G, 1, V65/V, 5, major, 1, D6, C, 1, V, 5, major, 0, G4
81, 0, 0, 1, 0, 0, 0, 0, 1, 0, 0, 0, 1, 1, C, 1, V, 5, major, 0, G4
82, 1, 0, 0, 0, 0, 1, 0, 0, 0, 1, 0, 0, 1, C, 1, IV, 4, major, 0, F4
82, 1, 0, 1, 0, 0, 0, 1, 0, 0, 1, 0, 0, 2, G, 1, V65/V, 5, major, 1, D6, C, 1, V, 5, major, 0, G4
83, 0, 0, 1, 0, 0, 0, 0, 1, 0, 0, 0, 1, 1, C, 1, V, 5, major, 0, G4
84, 1, 0, 0, 0, 0, 1, 0, 0, 1, 0, 0, 0, 1, C, 0, iv, 4, minor, 0, F4
84, 0, 0, 1, 0, 0, 0, 0, 1, 0, 0, 0, 1, 1, C, 0, V, 5, major, 0, G4
85, 1, 0, 0, 1, 0, 0, 0, 1, 0, 0, 0, 0, 1, C, 0, i, 1, minor, 0, C4
86, 1, 0, 0, 1, 0, 0, 0, 1, 0, 0, 0, 0, 1, C, 0, i, 1, minor, 0, C4
87, 1, 0, 0, 1, 0, 0, 0, 1, 0, 0, 0, 0, 1, C, 0, i, 1, minor, 0, C4
88, 0, 0, 1, 0, 0, 1, 0, 1, 0, 0, 0, 1, 1, C, 0, V7, 5, major, 0, G4
89, 0, 0, 1, 0, 0, 1, 0, 1, 0, 0, 0, 1, 1, C, 0, V7, 5, major, 0, G4
90, 0, 0, 1, 0, 0, 1, 0, 1, 0, 0, 0, 1, 1, C, 0, V7, 5, major, 0, G4
91, 0, 0, 1, 0, 0, 1, 0, 1, 0, 0, 0, 1, 1, C, 0, V7, 5, major, 0, G4
92, 1, 0, 0, 1, 0, 0, 0, 1, 0, 0, 0, 0, 1, C, 0, i, 1, minor, 0, C4
92, 0, 0, 1, 0, 0, 1, 0, 0, 0, 0, 1, 0, 1, Eb, 1, V, 5, major, 0, Bb4
93, 0, 0, 0, 1, 0, 0, 0, 1, 0, 0, 1, 0, 1, Eb, 1, I, 1, major, 0, Eb4
94, 0, 0, 0, 1, 0, 0, 0, 1, 0, 0, 1, 0, 1, Eb, 1, I, 1, major, 0, Eb4
95, 0, 0, 0, 1, 0, 0, 0, 1, 0, 0, 1, 0, 1, Eb, 1, I, 1, major, 0, Eb4
96, 0, 0, 1, 0, 0, 1, 0, 0, 1, 0, 1, 0, 1, Eb, 1, V7, 5, major, 0, Bb4
97, 0, 0, 1, 0, 0, 1, 0, 0, 1, 0, 1, 0, 1, Eb, 1, V7, 5, major, 0, Bb4
98, 0, 0, 1, 0, 0, 1, 0, 0, 1, 0, 1, 0, 1, Eb, 1, V7, 5, major, 0, Bb4
99, 0, 0, 1, 0, 0, 1, 0, 0, 1, 0, 1, 0, 1, Eb, 1, V7, 5, major, 0, Bb4
100, 0, 0, 0, 1, 0, 0, 0, 1, 0, 0, 1, 0, 1, Eb, 1, I, 1, major, 0, Eb4
101, 0, 0, 0, 1, 0, 0, 0, 1, 0, 0, 1, 0, 1, Eb, 1, I, 1, major, 0, Eb4
102, 0, 0, 1, 0, 0, 1, 0, 0, 1, 0, 1, 0, 1, Eb, 1, V65, 5, major, 1, Bb5
103, 0, 0, 0, 1, 0, 0, 0, 1, 0, 0, 1, 0, 1, Eb, 1, I, 1, major, 0, Eb4
104, 1, 0, 0, 1, 0, 0, 0, 0, 1, 0, 0, 0, 1, Eb, 1, IV, 4, major, 0, Ab4
104, 1, 0, 0, 1, 0, 1, 0, 0, 0, 1, 0, 0, 2, Bb, 1, V65/V, 5, major, 1, F6, Eb, 1, V, 5, major, 0, Bb4
105, 0, 0, 1, 0, 0, 1, 0, 0, 0, 0, 1, 0, 1, Eb, 1, V, 5, major, 0, Bb4
106, 1, 0, 0, 1, 0, 0, 0, 0, 1, 0, 0, 0, 1, Eb, 1, IV, 4, major, 0, Ab4
106, 1, 0, 0, 1, 0, 1, 0, 0, 0, 1, 0, 0, 2, Bb, 1, V65/V, 5, major, 1, F6, Eb, 1, V, 5, major, 0, Bb4
107, 0, 0, 1, 0, 0, 1, 0, 0, 0, 0, 1, 0, 1, Eb, 1, V, 5, major, 0, Bb4
108, 1, 0, 0, 1, 0, 0, 0, 1, 0, 0, 0, 0, 1, G, 0, iv6, 4, minor, 1, C6
109, 1, 0, 0, 0, 0, 0, 1, 0, 0, 1, 0, 0, 1, G, 0, viio, 7, diminished, 0, F#5
110, 1, 0, 0, 1, 0, 0, 0, 1, 0, 0, 0, 0, 1, G, 0, iv6, 4, minor, 1, C6
111, 0, 0, 1, 0, 0, 0, 1, 0, 0, 1, 0, 0, 1, G, 0, V6, 5, major, 1, D6
112, 0, 0, 1, 0, 0, 0, 0, 1, 0, 0, 1, 0, 1, G, 0, i, 1, minor, 0, G4
112, 0, 1, 0, 0, 1, 0, 0, 1, 0, 0, 1, 0, 2, D, 1, viio7/V, 7, diminished, 0, C#5, G, 0, V, 5, major, 0, D5
113, 0, 0, 1, 0, 0, 0, 1, 0, 0, 1, 0, 0, 1, D, 1, I, 1, major, 0, D4
114, 0, 0, 1, 0, 0, 0, 1, 0, 0, 1, 0, 0, 1, D, 1, I, 1, major, 0, D4
115, 0, 0, 1, 0, 0, 0, 1, 0, 0, 1, 0, 0, 1, D, 1, I, 1, major, 0, D4
116, 0, 1, 0, 0, 1, 0, 0, 1, 0, 1, 0, 0, 1, D, 1, V7, 5, major, 0, A4
117, 0, 1, 0, 0, 1, 0, 0, 1, 0, 1, 0, 0, 1, D, 1, V7, 5, major, 0, A4
118, 0, 1, 0, 0, 1, 0, 0, 1, 0, 1, 0, 0, 1, D, 1, V7, 5, major, 0, A4
119, 0, 1, 0, 0, 1, 0, 0, 1, 0, 1, 0, 0, 1, D, 1, V7, 5, major, 0, A4
120, 0, 0, 1, 0, 0, 0, 1, 0, 0, 1, 0, 0, 1, D, 1, I, 1, major, 0, D4
121, 0, 0, 1, 0, 0, 0, 1, 0, 0, 1, 0, 0, 1, D, 1, I, 1, major, 0, D4
122, 0, 0, 1, 0, 0, 0, 1, 0, 0, 1, 0, 0, 1, D, 1, I, 1, major, 0, D4
123, 1, 0, 1, 0, 0, 0, 1, 0, 0, 1, 0, 0, 1, G, 1, V7, 5, major, 0, D5
124, 1, 0, 1, 0, 0, 0, 1, 0, 0, 1, 0, 0, 1, G, 1, V7, 5, major, 0, D5
125, 1, 0, 1, 0, 0, 0, 1, 0, 0, 1, 0, 0, 1, G, 1, V7, 5, major, 0, D5
126, 1, 0, 1, 0, 0, 0, 1, 0, 0, 1, 0, 0, 1, G, 1, V7, 5, major, 0, D5
127, 1, 0, 1, 0, 0, 0, 1, 0, 0, 1, 0, 0, 1, G, 1, V7, 5, major, 0, D5
128, 1, 0, 1, 0, 0, 0, 1, 0, 0, 1, 0, 0, 1, G, 1, V7, 5, major, 0, D5
129, 1, 0, 1, 0, 0, 0, 1, 0, 0, 1, 0, 0, 1, G, 1, V7, 5, major, 0, D5
130, 1, 0, 1, 0, 0, 0, 1, 0, 0, 1, 0, 0, 1, G, 1, V7, 5, major, 0, D5
131, 1, 0, 1, 0, 0, 0, 1, 0, 0, 1, 0, 0, 1, G, 1, V7, 5, major, 0, D5
132, 1, 0, 1, 0, 0, 0, 1, 0, 0, 1, 0, 0, 1, G, 1, V7, 5, major, 0, D5
133, 1, 0, 1, 0, 0, 0, 1, 0, 0, 1, 0, 0, 1, G, 1, V7, 5, major, 0, D5
134, 1, 0, 1, 0, 0, 0, 1, 0, 0, 1, 0, 0, 1, G, 1, V7, 5, major, 0, D5
135, 1, 0, 1, 0, 0, 0, 1, 0, 0, 1, 0, 0, 1, G, 1, V43, 5, major, 2, D5
136, 0, 0, 1, 0, 0, 0, 0, 1, 0, 0, 0, 1, 1, G, 1, I6, 1, major, 1, G5
137, 0, 0, 1, 0, 0, 0, 0, 1, 0, 0, 0, 1, 1, G, 1, I6, 1, major, 1, G5
138, 0, 0, 1, 0, 0, 0, 0, 1, 0, 0, 0, 1, 1, G, 1, I6, 1, major, 1, G5
139, 0, 0, 1, 0, 0, 0, 0, 1, 0, 0, 0, 1, 1, G, 1, I6, 1, major, 1, G5
140, 1, 0, 0, 0, 1, 0, 0, 1, 0, 0, 0, 0, 1, G, 1, IV, 4, major, 0, C5
141, 1, 0, 0, 0, 1, 0, 0, 1, 0, 0, 0, 0, 1, G, 1, IV, 4, major, 0, C5
142, 1, 0, 0, 0, 1, 0, 0, 1, 0, 0, 0, 0, 1, G, 1, IV, 4, major, 0, C5
143, 1, 0, 0, 0, 1, 0, 0, 1, 0, 0, 0, 0, 1, G, 1, IV, 4, major, 0, C5
144, 0, 1, 0, 0, 1, 0, 0, 1, 0, 1, 0, 0, 1, D, 1, V7, 5, major, 0, A4
145, 0, 1, 0, 0, 1, 0, 0, 1, 0, 1, 0, 0, 1, D, 1, V7, 5, major, 0, A4
146, 0, 1, 0, 0, 1, 0, 0, 1, 0, 1, 0, 0, 1, D, 1, V7, 5, major, 0, A4
147, 0, 1, 0, 0, 1, 0, 0, 1, 0, 1, 0, 0, 1, D, 1, V7, 5, major, 0, A4
148, 0, 0, 1, 0, 0, 0, 1, 0, 0, 1, 0, 0, 1, D, 1, I, 1, major, 0, D4
149, 0, 1, 0, 0, 1, 0, 0, 1, 0, 1, 0, 0, 1, D, 1, V65, 5, major, 1, A5
150, 1, 0, 1, 0, 0, 0, 1, 0, 0, 1, 0, 0, 1, G, 1, V7, 5, major, 0, D5
151, 0, 0, 1, 0, 0, 0, 0, 1, 0, 0, 0, 1, 1, G, 1, I, 1, major, 0, G4
152, 0, 0, 1, 0, 0, 0, 1, 0, 0, 1, 0, 0, 1, D, 1, I, 1, major, 0, D4
153, 0, 1, 0, 0, 1, 0, 0, 1, 0, 1, 0, 0, 1, D, 1, V65, 5, major, 1, A5
154, 1, 0, 1, 0, 0, 0, 1, 0, 0, 1, 0, 0, 1, G, 1, V7, 5, major, 0, D5
155, 0, 0, 1, 0, 0, 0, 0, 1, 0, 0, 0, 1, 1, G, 1, I, 1, major, 0, G4
156, 0, 0, 1, 0, 0, 0, 1, 0, 0, 1, 0, 0, 1, G, 1, V, 5, major, 0, D5
157, 0, 0, 0, 0, 1, 0, 0, 1, 0, 0, 0, 1, 1, G, 1, vi, 6, minor, 0, E5
158, 0, 1, 0, 0, 1, 0, 0, 1, 0, 1, 0, 0, 2, D, 1, V42/V, 5, major, 3, A4, G, 1, V, 5, major, 0, D5
159, 1, 0, 1, 0, 0, 0, 1, 0, 0, 1, 0, 0, 1, G, 1, V7, 5, major, 0, D5
160, 1, 0, 1, 0, 0, 0, 1, 0, 0, 1, 0, 0, 1, G, 1, V7, 5, major, 0, D5
161, 1, 0, 0, 1, 0, 0, 1, 0, 0, 1, 0, 0, 1, G, 1, viio42, 7, diminished, 3, F#5
162, 1, 0, 1, 0, 0, 0, 1, 0, 0, 1, 0, 0, 1, G, 1, V7, 5, major, 0, D5
162, 1, 0, 1, 0, 0, 0, 1, 0, 0, 1, 0, 0, 1, G, 1, V42, 5, major, 3, D5
163, 0, 0, 1, 0, 0, 0, 0, 1, 0, 0, 0, 1, 1, G, 1, I6, 1, major, 1, G5
163, 0, 0, 1, 0, 0, 0, 0, 1, 0, 0, 0, 1, 1, G, 1, I, 1, major, 0, G4
164, 1, 0, 1, 0, 0, 0, 1, 0, 0, 1, 0, 0, 1, G, 1, V7, 5, major, 0, D5
165, 1, 0, 1, 0, 0, 0, 1, 0, 0, 1, 0, 0, 1, G, 1, V7, 5, major, 0, D5
166, 1, 0, 1, 0, 0, 0, 1, 0, 0, 1, 0, 0, 1, G, 1, V7, 5, major, 0, D5
167, 1, 0, 1, 0, 0, 0, 1, 0, 0, 1, 0, 0, 1, G, 1, V7, 5, major, 0, D5
168, 1, 0, 0, 0, 1, 0, 0, 1, 0, 0, 0, 0, 1, G, 1, IV, 4, major, 0, C5
168, 1, 0, 0, 0, 1, 0, 0, 0, 0, 1, 0, 0, 1, G, 1, ii6, 2, minor, 1, A5
169, 0, 0, 1, 0, 0, 0, 0, 1, 0, 0, 0, 1, 1, G, 1, I64, 1, major, 2, G5
169, 1, 0, 1, 0, 0, 0, 1, 0, 0, 1, 0, 0, 1, G, 1, V7, 5, major, 0, D5
170, 0, 0, 1, 0, 0, 0, 0, 1, 0, 0, 0, 1, 1, G, 1, I, 1, major, 0, G4
171, 1, 0, 1, 0, 0, 0, 1, 0, 0, 1, 0, 0, 1, G, 1, V43, 5, major, 2, D5
172, 0, 0, 1, 0, 0, 0, 0, 1, 0, 0, 0, 1, 1, G, 1, I6, 1, major, 1, G5
173, 1, 0, 1, 0, 0, 0, 1, 0, 0, 1, 0, 0, 1, G, 1, V43, 5, major, 2, D5
174, 0, 0, 0, 0, 1, 0, 0, 0, 1, 0, 0, 1, 1, E, 1, I6, 1, major, 1, E5
175, 0, 0, 0, 1, 0, 0, 1, 0, 0, 1, 0, 1, 1, E, 1, V43, 5, major, 2, B4
176, 0, 0, 1, 0, 0, 0, 0, 1, 0, 0, 0, 1, 1, G, 1, I6, 1, major, 1, G5
177, 1, 0, 1, 0, 0, 0, 1, 0, 0, 1, 0, 0, 1, G, 1, V43, 5, major, 2, D5
178, 0, 0, 1, 0, 0, 0, 0, 1, 0, 0, 0, 1, 1, G, 1, I, 1, major, 0, G4
179, 1, 0, 1, 0, 0, 0, 1, 0, 0, 1, 0, 0, 1, G, 1, V7, 5, major, 0, D5
180, 0, 0, 1, 0, 0, 0, 0, 1, 0, 0, 0, 1, 1, G, 1, I6, 1, major, 1, G5
181, 1, 0, 1, 0, 0, 0, 1, 0, 0, 1, 0, 0, 1, G, 1, V43, 5, major, 2, D5
182, 0, 0, 1, 0, 0, 0, 0, 1, 0, 0, 0, 1, 1, G, 1, I, 1, major, 0, G4
183, 0, 0, 1, 0, 0, 0, 0, 1, 0, 0, 0, 1, 1, G, 1, I, 1, major, 0, G4
184, 0, 0, 1, 0, 0, 0, 0, 1, 0, 0, 0, 1, 1, G, 1, I, 1, major, 0, G4
185, 1, 0, 0, 0, 1, 0, 0, 1, 0, 0, 0, 0, 1, G, 1, IV6, 4, major, 1, C6
186, 0, 0, 0, 0, 1, 0, 0, 1, 0, 0, 0, 1, 1, G, 1, vi6, 6, minor, 1, E5
187, 0, 0, 0, 0, 1, 0, 0, 1, 0, 0, 0, 1, 1, G, 1, vi6, 6, minor, 1, E5
188, 1, 0, 1, 0, 0, 0, 1, 0, 0, 1, 0, 0, 1, G, 1, V7, 5, major, 0, D5
189, 0, 0, 1, 0, 0, 0, 0, 1, 0, 0, 0, 1, 1, G, 1, I, 1, major, 0, G4
190, 0, 0, 1, 0, 0, 0, 0, 1, 0, 0, 0, 1, 1, G, 1, I, 1, major, 0, G4
191, 0, 0, 1, 0, 0, 0, 0, 1, 0, 0, 0, 1, 1, G, 1, I, 1, major, 0, G4
192, 0, 0, 1, 0, 0, 0, 0, 1, 0, 0, 0, 1, 1, G, 1, I, 1, major, 0, G4
193, 1, 0, 0, 0, 1, 0, 0, 1, 0, 0, 0, 0, 1, G, 1, IV6, 4, major, 1, C6
194, 0, 0, 0, 0, 1, 0, 0, 1, 0, 0, 0, 1, 1, G, 1, vi6, 6, minor, 1, E5
195, 0, 0, 0, 0, 1, 0, 0, 1, 0, 0, 0, 1, 1, G, 1, vi6, 6, minor, 1, E5
196, 1, 0, 1, 0, 0, 0, 1, 0, 0, 1, 0, 0, 1, G, 1, V7, 5, major, 0, D5
197, 0, 0, 1, 0, 0, 0, 0, 1, 0, 0, 0, 1, 1, G, 1, I, 1, major, 0, G4
198, 0, 0, 1, 0, 0, 0, 0, 1, 0, 0, 0, 1, 1, G, 1, I, 1, major, 0, G4
199, 0, 0, 1, 0, 0, 0, 0, 1, 0, 0, 0, 1, 1, G, 1, I, 1, major, 0, G4
200, 1, 0, 1, 0, 0, 0, 1, 0, 0, 1, 0, 0, 1, G, 1, V7, 5, major, 0, D5
201, 0, 0, 1, 0, 0, 0, 0, 1, 0, 0, 0, 1, 1, G, 1, I, 1, major, 0, G4
202, 0, 0, 1, 0, 0, 0, 0, 1, 0, 0, 0, 1, 1, G, 1, I, 1, major, 0, G4
203, 0, 0, 1, 0, 0, 0, 0, 1, 0, 0, 0, 1, 1, G, 1, I, 1, major, 0, G4
204, 1, 0, 1, 0, 0, 0, 1, 0, 0, 1, 0, 0, 1, G, 1, V7, 5, major, 0, D5
205, 0, 0, 1, 0, 0, 0, 0, 1, 0, 0, 0, 1, 1, G, 1, I, 1, major, 0, G4
