1, 0, 0, 0, 1, 0, 0, 0, 1, 0, 0, 1, 0, 1, Eb, 1, I, 1, major, 0, Eb4
1, 0, 0, 1, 0, 0, 1, 0, 0, 0, 0, 1, 0, 1, Eb, 1, V, 5, major, 0, Bb4
2, 1, 0, 0, 1, 0, 0, 0, 1, 0, 0, 0, 0, 1, Eb, 1, vi, 6, minor, 0, C5
3, 0, 1, 0, 0, 1, 0, 0, 1, 0, 0, 1, 0, 2, F, 0, viio43/ii, 7, diminished, 2, E5, Eb, 1, ii, 2, minor, 0, F4
3, 0, 0, 0, 0, 1, 0, 0, 0, 1, 0, 0, 1, 2, Bbb, 1, V6/bVII, 5, major, 1, Fb6, C, 0, bVII, 7, major, 0, Bbb4
3, 1, 0, 1, 0, 0, 0, 1, 0, 1, 0, 0, 0, 1, C, 0, Fr43, 2, other, 2, D5
4, 1, 0, 0, 1, 0, 0, 0, 1, 0, 0, 0, 0, 1, C, 0, i64, 1, minor, 2, C5
4, 1, 0, 0, 1, 0, 0, 1, 0, 0, 1, 0, 0, 2, G, 1, viio65/V, 7, diminished, 1, F#5, C, 0, V, 5, major, 0, G4
4, 0, 0, 1, 0, 0, 0, 0, 1, 0, 0, 0, 1, 1, C, 0, V, 5, major, 0, G4
5, 1, 0, 0, 1, 0, 0, 0, 1, 0, 0, 0, 0, 1, C, 0, i64, 1, minor, 2, C5
5, 1, 0, 0, 1, 0, 0, 1, 0, 0, 1, 0, 0, 2, G, 1, viio65/V, 7, diminished, 1, F#5, C, 0, V, 5, major, 0, G4
5, 0, 0, 1, 0, 0, 0, 0, 1, 0, 0, 0, 1, 1, C, 0, V, 5, major, 0, G4
5, 0, 0, 1, 0, 0, 0, 0, 1, 0, 0, 1, 0, 1, Eb, 1, iii, 3, minor, 0, G4
6, 0, 0, 1, 0, 0, 1, 0, 0, 1, 0, 1, 0, 1, Eb, 1, V43, 5, major, 2, Bb4
6, 0, 0, 0, 1, 0, 0, 0, 1, 0, 0, 1, 0, 1, Eb, 1, I, 1, major, 0, Eb4
6, 0, 0, 1, 0, 0, 1, 0, 0, 0, 0, 1, 0, 1, Eb, 1, V6, 5, major, 1, Bb5
6, 0, 0, 1, 0, 0, 1, 0, 0, 1, 0, 1, 0, 1, Eb, 1, V7, 5, major, 0, Bb4
7, 0, 1, 0, 0, 1, 0, 0, 1, 0, 0, 1, 0, 2, F, 0, viio43/ii, 7, diminished, 2, E5, Eb, 1, ii, 2, minor, 0, F4
7, 0, 0, 1, 0, 0, 1, 0, 0, 1, 0, 1, 0, 1, Eb, 1, V7, 5, major, 0, Bb4
8, 0, 0, 0, 1, 0, 0, 1, 0, 0, 0, 0, 1, 1, Eb, 0, VI, 6, major, 0, Cb5
9, 0, 1, 0, 0, 1, 0, 1, 0, 0, 0, 1, 0, 2, Cb, 1, V43/VI, 5, major, 2, Gb4, Eb, 0, VI, 6, major, 0, Cb5
9, 0, 0, 0, 1, 0, 0, 1, 0, 0, 0, 0, 1, 1, Eb, 0, VI, 6, major, 0, Cb5
9, 0, 0, 0, 1, 0, 0, 1, 0, 0, 0, 1, 0, 1, Eb, 0, i64, 1, minor, 2, Eb5
10, 1, 0, 0, 1, 0, 0, 1, 0, 0, 1, 0, 0, 2, Bb, 1, viio7/V, 7, diminished, 0, A5, Eb, 0, V, 5, major, 0, Bb4
10, 0, 0, 1, 0, 0, 1, 0, 0, 0, 0, 1, 0, 1, Eb, 0, V, 5, major, 0, Bb4
10, 0, 1, 0, 0, 0, 1, 0, 0, 0, 0, 1, 0, 1, Ab, 0, iihalfdim64, 2, minor, 2, Bb5
11, 0, 1, 0, 0, 1, 0, 0, 1, 0, 0, 1, 0, 1, Ab, 0, viio7, 7, diminished, 0, G5
11, 0, 1, 0, 1, 0, 0, 0, 1, 0, 0, 1, 0, 1, Ab, 0, V65, 5, major, 1, Eb6
11, 0, 0, 0, 1, 0, 0, 0, 0, 1, 0, 0, 1, 1, Ab, 0, i, 1, minor, 0, Ab4
11, 0, 0, 0, 1, 0, 0, 1, 0, 0, 0, 1, 0, 1, Eb, 0, i6, 1, minor, 1, Eb5
12, 0, 0, 1, 0, 0, 1, 0, 0, 1, 0, 1, 0, 1, Eb, 0, V43, 5, major, 2, Bb4
12, 0, 0, 0, 1, 0, 0, 1, 0, 0, 0, 1, 0, 1, Eb, 0, i, 1, minor, 0, Eb4
13, 0, 0, 1, 0, 0, 1, 0, 0, 0, 0, 1, 0, 1, Eb, 0, V6, 5, major, 1, Bb5
13, 0, 0, 0, 1, 0, 0, 1, 0, 0, 0, 1, 0, 1, Eb, 0, i, 1, minor, 0, Eb4
14, 0, 0, 1, 0, 0, 1, 0, 0, 0, 0, 1, 0, 1, Eb, 0, V6, 5, major, 1, Bb5
14, 0, 1, 0, 1, 0, 0, 0, 1, 0, 0, 1, 0, 2, Ab, 0, V42/iv, 5, major, 3, Eb5, Eb, 0, iv, 4, minor, 0, Ab4
14, 0, 0, 0, 1, 0, 0, 0, 0, 1, 0, 0, 1, 1, Eb, 0, iv6, 4, minor, 1, Ab5
15, 0, 0, 0, 1, 0, 0, 0, 0, 1, 0, 0, 1, 1, Eb, 0, iv6, 4, minor, 1, Ab5
15, 0, 0, 1, 0, 0, 1, 0, 0, 0, 0, 1, 0, 1, Eb, 0, V6, 5, major, 1, Bb5
15, 0, 1, 0, 1, 0, 0, 0, 1, 0, 0, 1, 0, 2, Ab, 0, V42/iv, 5, major, 3, Eb5, Eb, 0, iv, 4, minor, 0, Ab4
15, 1, 0, 0, 1, 0, 0, 0, 0, 1, 0, 0, 0, 1, Eb, 1, IV6, 4, major, 1, Ab5
16, 1, 0, 0, 1, 0, 0, 0, 0, 1, 0, 0, 0, 1, Eb, 1, IV6, 4, major, 1, Ab5
17, 1, 0, 0, 1, 0, 0, 0, 0, 1, 0, 0, 0, 1, Eb, 1, IV6, 4, major, 1, Ab5
17, 0, 0, 1, 0, 0, 1, 0, 1, 0, 0, 0, 1, 2, C, 0, V65/vi, 5, major, 1, G5, Eb, 1, vi, 6, minor, 0, C5
18, 0, 1, 0, 0, 0, 0, 0, 1, 0, 0, 1, 0, 2, Ab, 1, viio6/IV, 7, diminished, 1, G5, Eb, 1, IV, 4, major, 0, Ab4
18, 1, 0, 0, 0, 0, 1, 0, 0, 0, 1, 0, 0, 2, Bb, 1, V6/V, 5, major, 1, F6, Eb, 1, V, 5, major, 0, Bb4
18, 1, 0, 0, 0, 0, 1, 0, 0, 1, 0, 0, 0, 1, Eb, 1, ii6, 2, minor, 1, F5
18, 0, 0, 0, 1, 0, 0, 0, 1, 0, 0, 1, 0, 1, Eb, 1, I6, 1, major, 1, Eb5
19, 0, 0, 1, 0, 0, 1, 0, 0, 1, 0, 1, 0, 1, Eb, 1, V43, 5, major, 2, Bb4
19, 0, 0, 0, 1, 0, 0, 0, 1, 0, 0, 1, 0, 1, Eb, 1, I, 1, major, 0, Eb4
20, 0, 0, 1, 0, 0, 1, 0, 0, 0, 0, 1, 0, 1, Eb, 1, V6, 5, major, 1, Bb5
20, 1, 0, 0, 1, 0, 0, 0, 1, 0, 0, 1, 0, 1, Eb, 1, vi7, 6, minor, 0, C5
20, 0, 0, 1, 0, 0, 1, 0, 0, 1, 0, 1, 0, 1, Eb, 1, V7, 5, major, 0, Bb4
21, 0, 0, 0, 1, 0, 0, 0, 1, 0, 0, 1, 0, 1, Eb, 1, I, 1, major, 0, Eb4
22, 0, 0, 1, 0, 0, 1, 0, 0, 1, 0, 1, 0, 1, Eb, 1, V43, 5, major, 2, Bb4
23, 0, 0, 0, 1, 0, 0, 0, 1, 0, 0, 1, 0, 1, Eb, 1, I6, 1, major, 1, Eb5
24, 0, 0, 1, 0, 0, 1, 0, 0, 1, 0, 1, 0, 1, Eb, 1, V42, 5, major, 3, Bb4
24, 0, 0, 1, 0, 0, 1, 0, 0, 0, 0, 1, 0, 1, Eb, 1, V, 5, major, 0, Bb4
25, 0, 0, 0, 1, 0, 0, 0, 1, 0, 0, 1, 0, 1, Eb, 1, I, 1, major, 0, Eb4
26, 0, 0, 1, 0, 0, 1, 0, 0, 1, 0, 1, 0, 1, Eb, 1, V43, 5, major, 2, Bb4
27, 0, 0, 0, 1, 0, 0, 0, 1, 0, 0, 1, 0, 1, Eb, 1, I6, 1, major, 1, Eb5
28, 1, 0, 0, 1, 0, 1, 0, 0, 1, 0, 0, 0, 1, Eb, 1, ii65, 2, minor, 1, F5
28, 1, 0, 0, 1, 0, 1, 0, 0, 0, 1, 0, 0, 2, Bb, 1, V65/V, 5, major, 1, F6, Eb, 1, V, 5, major, 0, Bb4
29, 0, 0, 1, 0, 0, 1, 0, 0, 1, 0, 1, 0, 1, Eb, 1, V7, 5, major, 0, Bb4
30, 0, 0, 0, 1, 0, 0, 0, 1, 0, 0, 1, 0, 1, Eb, 1, I6, 1, major, 1, Eb5
31, 0, 0, 1, 0, 0, 1, 0, 0, 1, 0, 1, 0, 1, Eb, 1, V7, 5, major, 0, Bb4
32, 0, 0, 1, 0, 0, 1, 0, 0, 1, 0, 1, 0, 1, Eb, 1, V7, 5, major, 0, Bb4
33, 0, 0, 1, 0, 0, 1, 0, 1, 0, 0, 0, 1, 2, C, 0, V65/vi, 5, major, 1, G5, Eb, 1, vi, 6, minor, 0, C5
33, 1, 0, 0, 1, 0, 0, 0, 1, 0, 0, 0, 0, 1, Eb, 1, vi6, 6, minor, 1, C5
34, 1, 0, 0, 0, 1, 0, 0, 1, 0, 0, 1, 0, 2, F, 1, V42/V, 5, major, 3, C5, Bb, 1, V, 5, major, 0, F5
34, 1, 0, 0, 0, 0, 1, 0, 0, 0, 1, 0, 0, 1, Bb, 1, V6, 5, major, 1, F6
35, 1, 0, 0, 1, 0, 0, 0, 1, 0, 0, 1, 0, 1, Bb, 1, iihalfdim43, 2, minor, 2, C6
36, 1, 0, 0, 1, 0, 0, 0, 1, 0, 0, 1, 0, 1, Bb, 1, iihalfdim65, 2, minor, 1, C6
37, 1, 0, 0, 1, 0, 0, 0, 1, 0, 0, 1, 0, 1, Bb, 1, iihalfdim43, 2, minor, 2, C6
38, 1, 0, 0, 0, 1, 0, 0, 1, 0, 0, 1, 0, 2, F, 1, V65/V, 5, major, 1, C6, Bb, 1, V, 5, major, 0, F5
39, 1, 0, 0, 1, 0, 0, 0, 1, 0, 0, 1, 0, 1, Bb, 1, iihalfdim7, 2, minor, 0, C5
40, 1, 0, 1, 0, 0, 1, 0, 0, 0, 1, 0, 0, 1, Bb, 1, iii65, 3, minor, 1, D6
41, 1, 0, 0, 1, 0, 1, 0, 0, 0, 1, 0, 0, 1, Bb, 1, V7, 5, major, 0, F5
41, 0, 0, 1, 0, 0, 1, 0, 0, 0, 0, 1, 0, 1, Bb, 1, I64, 1, major, 2, Bb5
42, 1, 0, 0, 0, 0, 1, 0, 0, 0, 1, 0, 0, 1, Bb, 1, V, 5, major, 0, F5
42, 0, 0, 1, 0, 0, 1, 0, 0, 0, 0, 1, 0, 1, Bb, 1, I64, 1, major, 2, Bb5
43, 1, 0, 0, 1, 0, 0, 0, 1, 0, 0, 1, 0, 1, Bb, 1, iihalfdim7, 2, minor, 0, C5
44, 1, 0, 1, 0, 0, 1, 0, 0, 0, 1, 0, 0, 1, Bb, 1, iii65, 3, minor, 1, D6
45, 1, 0, 0, 1, 0, 1, 0, 0, 0, 1, 0, 0, 1, Bb, 1, V7, 5, major, 0, F5
45, 0, 0, 1, 0, 0, 1, 0, 0, 0, 0, 1, 0, 1, Bb, 1, I64, 1, major, 2, Bb5
46, 1, 0, 0, 1, 0, 1, 0, 0, 0, 1, 0, 0, 1, Bb, 1, V7, 5, major, 0, F5
47, 1, 0, 0, 1, 0, 1, 0, 0, 0, 1, 0, 0, 1, Bb, 1, V7, 5, major, 0, F5
48, 1, 0, 0, 1, 0, 1, 0, 0, 0, 1, 0, 0, 1, Bb, 1, V7, 5, major, 0, F5
49, 1, 0, 0, 1, 0, 1, 0, 0, 0, 1, 0, 0, 1, Bb, 1, V7, 5, major, 0, F5
50, 0, 0, 1, 0, 0, 1, 0, 0, 0, 0, 1, 0, 1, Bb, 1, I, 1, major, 0, Bb4
50, 0, 1, 0, 0, 1, 0, 0, 1, 0, 0, 0, 0, 2, D, 0, viio/iii, 7, diminished, 0, C#5, Bb, 1, iii, 3, minor, 0, D5
50, 0, 0, 1, 0, 0, 1, 0, 0, 0, 0, 1, 0, 1, Bb, 1, I, 1, major, 0, Bb4
51, 0, 0, 1, 0, 0, 1, 0, 0, 0, 0, 1, 0, 1, Bb, 1, I, 1, major, 0, Bb4
51, 1, 0, 0, 1, 0, 0, 1, 0, 0, 1, 0, 0, 1, Bb, 1, viio42, 7, diminished, 3, A5
51, 0, 0, 1, 0, 0, 1, 0, 0, 0, 0, 1, 0, 1, Bb, 1, I, 1, major, 0, Bb4
52, 0, 0, 1, 0, 0, 1, 0, 0, 0, 0, 1, 0, 1, Bb, 1, I, 1, major, 0, Bb4
52, 0, 0, 0, 1, 0, 0, 0, 1, 0, 0, 1, 0, 1, Bb, 1, IV, 4, major, 0, Eb5
52, 0, 0, 1, 0, 0, 1, 0, 0, 0, 0, 1, 0, 1, Bb, 1, I, 1, major, 0, Bb4
53, 0, 0, 1, 0, 0, 1, 0, 0, 0, 0, 1, 0, 1, Bb, 1, I64, 1, major, 2, Bb5
53, 1, 0, 0, 1, 0, 1, 0, 0, 0, 1, 0, 0, 1, Bb, 1, V7, 5, major, 0, F5
53, 0, 0, 1, 0, 0, 1, 0, 0, 0, 0, 1, 0, 1, Bb, 1, I64, 1, major, 2, Bb5
53, 1, 0, 0, 0, 0, 1, 0, 0, 0, 1, 0, 0, 1, Bb, 1, V, 5, major, 0, F5
54, 1, 0, 0, 0, 0, 1, 0, 0, 0, 1, 0, 0, 1, Bb, 1, V, 5, major, 0, F5
55, 1, 0, 0, 0, 0, 1, 0, 0, 0, 1, 0, 0, 1, Bb, 1, V, 5, major, 0, F5
56, 1, 0, 0, 0, 0, 1, 0, 0, 0, 1, 0, 0, 1, Bb, 1, V, 5, major, 0, F5
57, 1, 0, 0, 0, 0, 1, 0, 0, 0, 1, 0, 0, 1, Bb, 1, V, 5, major, 0, F5
58, 0, 0, 1, 0, 0, 1, 0, 0, 0, 0, 1, 0, 1, Bb, 1, I, 1, major, 0, Bb4
59, 1, 0, 0, 1, 0, 1, 0, 0, 0, 1, 0, 0, 1, Bb, 1, V7, 5, major, 0, F5
60, 0, 0, 1, 0, 0, 1, 0, 0, 0, 0, 1, 0, 1, Bb, 1, I, 1, major, 0, Bb4
61, 1, 0, 0, 1, 0, 1, 0, 0, 0, 1, 0, 0, 1, Bb, 1, V7, 5, major, 0, F5
62, 0, 0, 1, 0, 0, 1, 0, 0, 0, 0, 1, 0, 1, Bb, 1, I, 1, major, 0, Bb4
63, 0, 0, 1, 0, 0, 1, 0, 0, 0, 0, 1, 0, 1, Bb, 1, I, 1, major, 0, Bb4
64, 0, 0, 1, 0, 0, 1, 0, 0, 0, 0, 1, 0, 1, Bb, 1, I, 1, major, 0, Bb4
65, 0, 0, 1, 0, 0, 1, 0, 0, 0, 0, 1, 0, 1, Bb, 1, I, 1, major, 0, Bb4
66, 1, 0, 0, 1, 0, 1, 0, 0, 0, 1, 0, 0, 1, Bb, 1, V7IV, 5, major, 0, F5
67, 0, 0, 0, 1, 0, 0, 0, 1, 0, 0, 1, 0, 1, Bb, 1, IV, 4, major, 0, Eb5
68, 0, 0, 1, 0, 0, 1, 0, 0, 0, 0, 1, 0, 1, Bb, 1, I6, 1, major, 1, Bb5
69, 0, 1, 0, 1, 0, 0, 0, 1, 0, 0, 1, 0, 2, Ab, 1, V42/IV, 5, major, 3, Eb5, Eb, 1, IV, 4, major, 0, Ab4
70, 0, 0, 1, 0, 0, 1, 0, 0, 0, 0, 1, 0, 1, Bb, 1, I6, 1, major, 1, Bb5
71, 1, 0, 0, 1, 0, 0, 0, 0, 1, 0, 0, 0, 1, C, 0, VI6, 6, major, 1, Ab4
72, 0, 0, 1, 0, 0, 0, 0, 1, 0, 0, 0, 1, 1, C, 0, V6, 5, major, 1, G5
72, 0, 0, 1, 0, 0, 0, 0, 1, 0, 0, 1, 0, 1, C, 0, v6, 5, minor, 1, G5
73, 1, 0, 0, 0, 0, 1, 0, 0, 0, 1, 0, 0, 1, C, 0, IV6, 4, major, 1, F5
73, 1, 0, 0, 0, 0, 1, 0, 0, 1, 0, 0, 0, 1, C, 0, iv6, 4, minor, 1, F5
74, 1, 0, 0, 1, 0, 0, 0, 1, 0, 0, 0, 0, 1, C, 0, i64, 1, minor, 2, C5
74, 1, 0, 1, 0, 0, 0, 1, 0, 0, 1, 0, 0, 2, G, 1, V65/V, 5, major, 1, D6, C, 0, V, 5, major, 0, G4
74, 0, 0, 1, 0, 0, 1, 0, 1, 0, 0, 0, 1, 1, C, 0, V42, 5, major, 3, G4
74, 1, 0, 0, 1, 0, 0, 0, 1, 0, 0, 0, 0, 1, C, 0, i6, 1, minor, 1, C5
75, 1, 0, 0, 1, 0, 0, 0, 1, 0, 0, 0, 0, 1, C, 0, i6, 1, minor, 1, C5
76, 1, 0, 0, 1, 0, 0, 0, 1, 0, 0, 0, 0, 1, C, 0, i6, 1, minor, 1, C5
77, 1, 0, 0, 1, 0, 0, 1, 0, 0, 1, 0, 0, 1, Bb, 0, viio42, 7, diminished, 3, A5
78, 1, 0, 0, 1, 0, 1, 0, 0, 0, 1, 0, 0, 1, Bb, 0, V42, 5, major, 3, F5
78, 0, 1, 0, 0, 0, 1, 0, 0, 0, 0, 1, 0, 1, Bb, 0, i6, 1, minor, 1, Bb5
79, 0, 1, 0, 0, 0, 1, 0, 0, 0, 0, 1, 0, 1, Bb, 0, i6, 1, minor, 1, Bb5
80, 0, 1, 0, 0, 0, 1, 0, 0, 0, 0, 1, 0, 1, Bb, 0, i6, 1, minor, 1, Bb5
81, 1, 0, 1, 0, 0, 0, 1, 0, 0, 1, 0, 0, 2, G, 0, V42/iii, 5, major, 3, D5, Eb, 1, iii, 3, minor, 0, G4
82, 1, 0, 1, 0, 0, 0, 1, 0, 0, 1, 0, 0, 2, G, 0, V42/iii, 5, major, 3, D5, Eb, 1, iii, 3, minor, 0, G4
83, 1, 0, 1, 0, 0, 0, 1, 0, 0, 1, 0, 0, 2, G, 0, V42/iii, 5, major, 3, D5, Eb, 1, iii, 3, minor, 0, G4
84, 1, 0, 1, 0, 0, 0, 1, 0, 0, 1, 0, 0, 2, G, 0, V42/iii, 5, major, 3, D5, Eb, 1, iii, 3, minor, 0, G4
85, 0, 0, 0, 1, 0, 0, 1, 0, 0, 1, 0, 1, 1, Eb, 1, Ger65, 4, other, 1, A5
86, 0, 0, 0, 1, 0, 0, 1, 0, 0, 1, 0, 1, 1, Eb, 1, Ger65, 4, other, 1, A5
87, 0, 0, 0, 1, 0, 0, 1, 0, 0, 1, 0, 1, 1, Eb, 1, Ger65, 4, other, 1, A5
88, 0, 0, 0, 1, 0, 0, 1, 0, 0, 1, 0, 1, 1, Eb, 1, Ger65, 4, other, 1, A5
89, 0, 0, 1, 0, 0, 1, 0, 0, 1, 0, 1, 0, 1, Eb, 1, V7, 5, major, 0, Bb4
90, 0, 0, 1, 0, 0, 1, 0, 0, 1, 0, 1, 0, 1, Eb, 1, V7, 5, major, 0, Bb4
91, 0, 0, 1, 0, 0, 1, 0, 0, 1, 0, 1, 0, 1, Eb, 1, V7, 5, major, 0, Bb4
92, 0, 0, 1, 0, 0, 1, 0, 0, 1, 0, 1, 0, 1, Eb, 1, V7, 5, major, 0, Bb4
93, 0, 1, 0, 1, 0, 0, 0, 1, 0, 0, 1, 0, 2, Ab, 0, V42/ii, 5, major, 3, Eb5, Gb, 1, ii, 2, minor, 0, Ab4
93, 0, 1, 0, 0, 0, 1, 0, 0, 1, 0, 0, 1, 1, Gb, 1, V42, 5, major, 3, Db5
94, 0, 1, 0, 0, 0, 0, 1, 0, 0, 0, 1, 0, 1, Gb, 1, I6, 1, major, 1, Gb5
94, 0, 1, 0, 0, 0, 1, 0, 0, 1, 0, 0, 1, 1, Gb, 1, V43, 5, major, 2, Db5
94, 0, 1, 0, 0, 0, 1, 0, 0, 1, 0, 0, 1, 1, Gb, 1, V65, 5, major, 1, Db6
94, 0, 1, 0, 0, 0, 0, 1, 0, 0, 0, 1, 0, 1, Gb, 1, I, 1, major, 0, Gb4
95, 0, 0, 0, 1, 0, 0, 0, 0, 1, 0, 0, 1, 1, Gb, 1, ii6, 2, minor, 1, Ab5
95, 0, 1, 0, 0, 0, 0, 1, 0, 0, 0, 1, 0, 1, Gb, 1, I6, 1, major, 1, Gb5
95, 0, 0, 0, 0, 0, 1, 0, 0, 1, 0, 0, 1, 1, Gb, 1, viio6, 7, diminished, 1, F5
95, 0, 1, 0, 0, 0, 1, 0, 0, 1, 0, 0, 1, 1, Gb, 1, V65, 5, major, 1, Db6
96, 0, 0, 1, 0, 0, 1, 0, 0, 1, 0, 0, 1, 1, C, 0, viio43, 7, diminished, 2, B4
97, 1, 0, 0, 1, 0, 0, 0, 1, 0, 0, 0, 0, 1, C, 0, i6, 1, minor, 1, C5
98, 1, 0, 0, 1, 0, 0, 0, 1, 0, 0, 0, 0, 1, C, 0, i6, 1, minor, 1, C5
99, 0, 0, 1, 0, 0, 1, 0, 1, 0, 0, 0, 1, 1, C, 0, V43, 5, major, 2, G4
100, 1, 0, 0, 1, 0, 0, 0, 1, 0, 0, 0, 0, 1, C, 0, i, 1, minor, 0, C4
101, 0, 0, 1, 0, 0, 1, 0, 0, 1, 0, 0, 1, 1, C, 0, viio43, 7, diminished, 2, B4
102, 1, 0, 0, 1, 0, 0, 0, 1, 0, 0, 0, 0, 1, C, 0, i, 1, minor, 0, C4
103, 0, 0, 1, 0, 0, 1, 0, 0, 1, 0, 0, 1, 1, C, 0, viio7, 7, diminished, 0, B4
104, 1, 0, 0, 1, 0, 0, 0, 1, 0, 0, 0, 0, 1, C, 0, i, 1, minor, 0, C4
105, 1, 0, 0, 1, 0, 0, 0, 0, 1, 0, 0, 0, 1, C, 0, VI6, 6, major, 1, Ab4
106, 1, 0, 0, 1, 0, 0, 0, 0, 1, 0, 0, 0, 1, C, 0, VI6, 6, major, 1, Ab4
107, 0, 0, 1, 0, 0, 1, 0, 0, 1, 0, 0, 1, 1, C, 0, viio7, 7, diminished, 0, B4
108, 1, 0, 0, 1, 0, 0, 0, 0, 1, 0, 0, 0, 1, Eb, 1, IV6, 4, major, 1, Ab5
109, 1, 0, 0, 1, 0, 0, 0, 0, 1, 0, 0, 0, 1, Eb, 1, IV6, 4, major, 1, Ab5
110, 1, 0, 0, 1, 0, 0, 0, 0, 1, 0, 0, 0, 1, Eb, 1, IV6, 4, major, 1, Ab5
111, 1, 0, 0, 1, 0, 0, 0, 0, 1, 0, 0, 0, 1, Eb, 1, IV6, 4, major, 1, Ab5
112, 1, 0, 0, 1, 0, 0, 0, 0, 1, 0, 0, 0, 1, Eb, 1, IV6, 4, major, 1, Ab5
113, 1, 0, 0, 1, 0, 0, 0, 0, 1, 0, 0, 0, 1, Eb, 1, IV6, 4, major, 1, Ab5
114, 1, 0, 0, 1, 0, 0, 0, 0, 1, 0, 0, 0, 1, Eb, 1, IV6, 4, major, 1, Ab5
115, 1, 0, 0, 1, 0, 0, 0, 0, 1, 0, 0, 0, 1, Eb, 1, IV6, 4, major, 1, Ab5
116, 1, 0, 0, 1, 0, 0, 0, 0, 1, 0, 0, 0, 1, Eb, 1, IV6, 4, major, 1, Ab5
117, 1, 0, 0, 1, 0, 0, 0, 0, 1, 0, 0, 0, 1, Eb, 1, IV6, 4, major, 1, Ab5
118, 1, 0, 0, 1, 0, 0, 0, 0, 1, 0, 0, 0, 1, Eb, 1, IV6, 4, major, 1, Ab5
119, 0, 0, 1, 0, 0, 1, 0, 0, 1, 0, 1, 0, 1, Eb, 1, V42, 5, major, 3, Bb4
119, 0, 0, 1, 0, 0, 1, 0, 0, 0, 0, 1, 0, 1, Eb, 1, V, 5, major, 0, Bb4
120, 0, 0, 0, 1, 0, 0, 0, 1, 0, 0, 1, 0, 1, Eb, 1, I, 1, major, 0, Eb4
120, 0, 0, 1, 0, 0, 1, 0, 0, 1, 0, 1, 0, 1, Eb, 1, V43, 5, major, 2, Bb4
121, 0, 0, 0, 1, 0, 0, 0, 1, 0, 0, 1, 0, 1, Eb, 1, I6, 1, major, 1, Eb5
122, 0, 0, 0, 1, 0, 0, 0, 1, 0, 0, 1, 0, 1, Eb, 1, I6, 1, major, 1, Eb5
123, 0, 0, 0, 1, 0, 0, 0, 1, 0, 0, 1, 0, 1, Eb, 1, I6, 1, major, 1, Eb5
124, 0, 0, 0, 1, 0, 0, 0, 1, 0, 0, 1, 0, 1, Eb, 1, I6, 1, major, 1, Eb5
125, 0, 0, 0, 1, 0, 0, 0, 1, 0, 0, 1, 0, 1, Eb, 1, I6, 1, major, 1, Eb5
126, 0, 0, 1, 0, 0, 1, 0, 0, 0, 0, 1, 0, 1, Eb, 1, V, 5, major, 0, Bb4
127, 0, 0, 1, 0, 0, 1, 0, 1, 0, 0, 0, 1, 2, C, 0, V7/vi, 5, major, 0, G4, Eb, 1, vi, 6, minor, 0, C5
127, 1, 0, 0, 1, 0, 0, 0, 1, 0, 0, 0, 0, 1, Eb, 1, vi, 6, minor, 0, C5
128, 0, 0, 1, 0, 0, 1, 0, 0, 1, 0, 1, 0, 1, Eb, 1, V42, 5, major, 3, Bb4
128, 0, 0, 0, 1, 0, 0, 0, 1, 0, 0, 1, 0, 1, Eb, 1, I, 1, major, 0, Eb4
129, 1, 0, 0, 1, 0, 1, 0, 0, 1, 0, 0, 0, 1, Eb, 1, iihalfdim43, 2, minor, 2, F5
130, 1, 0, 0, 1, 0, 1, 0, 0, 1, 0, 0, 0, 1, Eb, 1, iihalfdim65, 2, minor, 1, F5
131, 1, 0, 0, 1, 0, 1, 0, 0, 1, 0, 0, 0, 1, Eb, 1, iihalfdim43, 2, minor, 2, F5
132, 1, 0, 0, 1, 0, 1, 0, 0, 0, 1, 0, 0, 2, Bb, 1, V65/V, 5, major, 1, F6, Eb, 1, V, 5, major, 0, Bb4
133, 1, 0, 0, 1, 0, 1, 0, 0, 1, 0, 0, 0, 1, Eb, 1, iihalfdim7, 2, minor, 0, F4
134, 0, 0, 1, 0, 0, 1, 0, 1, 0, 0, 1, 0, 1, Eb, 1, iii65, 3, minor, 1, G5
135, 0, 0, 1, 0, 0, 1, 0, 0, 1, 0, 1, 0, 1, Eb, 1, V7, 5, major, 0, Bb4
135, 0, 0, 0, 1, 0, 0, 0, 1, 0, 0, 1, 0, 1, Eb, 1, I64, 1, major, 2, Eb5
136, 0, 0, 1, 0, 0, 1, 0, 0, 0, 0, 1, 0, 1, Eb, 1, V, 5, major, 0, Bb4
136, 0, 0, 0, 1, 0, 0, 0, 1, 0, 0, 1, 0, 1, Eb, 1, I64, 1, major, 2, Eb5
137, 1, 0, 0, 1, 0, 1, 0, 0, 1, 0, 0, 0, 1, Eb, 1, iihalfdim7, 2, minor, 0, F4
138, 0, 0, 1, 0, 0, 1, 0, 1, 0, 0, 1, 0, 1, Eb, 1, iii65, 3, minor, 1, G5
139, 0, 0, 1, 0, 0, 1, 0, 0, 1, 0, 1, 0, 1, Eb, 1, V7, 5, major, 0, Bb4
139, 0, 0, 0, 1, 0, 0, 0, 1, 0, 0, 1, 0, 1, Eb, 1, I64, 1, major, 2, Eb5
140, 0, 0, 1, 0, 0, 1, 0, 0, 1, 0, 1, 0, 1, Eb, 1, V7, 5, major, 0, Bb4
141, 0, 0, 1, 0, 0, 1, 0, 0, 1, 0, 1, 0, 1, Eb, 1, V7, 5, major, 0, Bb4
142, 0, 0, 1, 0, 0, 1, 0, 0, 1, 0, 1, 0, 1, Eb, 1, V7, 5, major, 0, Bb4
143, 0, 0, 1, 0, 0, 1, 0, 0, 1, 0, 1, 0, 1, Eb, 1, V7, 5, major, 0, Bb4
144, 0, 0, 0, 1, 0, 0, 0, 1, 0, 0, 1, 0, 1, Eb, 1, I, 1, major, 0, Eb4
144, 1, 0, 0, 0, 0, 0, 1, 0, 0, 1, 0, 0, 2, G, 0, viio/iii, 7, diminished, 0, F#5, Eb, 1, iii, 3, minor, 0, G4
144, 0, 0, 0, 1, 0, 0, 0, 1, 0, 0, 1, 0, 1, Eb, 1, I, 1, major, 0, Eb4
145, 0, 0, 0, 1, 0, 0, 0, 1, 0, 0, 1, 0, 1, Eb, 1, I, 1, major, 0, Eb4
145, 0, 0, 1, 0, 0, 1, 0, 0, 1, 0, 0, 1, 1, Eb, 1, viio42, 7, diminished, 3, D5
145, 0, 0, 0, 1, 0, 0, 0, 1, 0, 0, 1, 0, 1, Eb, 1, I, 1, major, 0, Eb4
146, 0, 0, 0, 1, 0, 0, 0, 1, 0, 0, 1, 0, 1, Eb, 1, I, 1, major, 0, Eb4
146, 1, 0, 0, 1, 0, 0, 0, 0, 1, 0, 0, 0, 1, Eb, 1, IV, 4, major, 0, Ab4
146, 0, 0, 0, 1, 0, 0, 0, 1, 0, 0, 1, 0, 1, Eb, 1, I, 1, major, 0, Eb4
147, 0, 0, 0, 1, 0, 0, 0, 1, 0, 0, 1, 0, 1, Eb, 1, I64, 1, major, 2, Eb5
147, 0, 0, 1, 0, 0, 1, 0, 0, 1, 0, 1, 0, 1, Eb, 1, V7, 5, major, 0, Bb4
147, 0, 0, 0, 1, 0, 0, 0, 1, 0, 0, 1, 0, 1, Eb, 1, I64, 1, major, 2, Eb5
147, 0, 0, 1, 0, 0, 1, 0, 0, 0, 0, 1, 0, 1, Eb, 1, V, 5, major, 0, Bb4
148, 0, 0, 1, 0, 0, 1, 0, 0, 0, 0, 1, 0, 1, Eb, 1, V, 5, major, 0, Bb4
149, 0, 0, 1, 0, 0, 1, 0, 0, 0, 0, 1, 0, 1, Eb, 1, V, 5, major, 0, Bb4
150, 0, 0, 1, 0, 0, 1, 0, 0, 0, 0, 1, 0, 1, Eb, 1, V, 5, major, 0, Bb4
151, 0, 0, 1, 0, 0, 1, 0, 0, 0, 0, 1, 0, 1, Eb, 1, V, 5, major, 0, Bb4
152, 0, 0, 0, 1, 0, 0, 0, 1, 0, 0, 1, 0, 1, Eb, 1, I, 1, major, 0, Eb4
153, 0, 0, 1, 0, 0, 1, 0, 0, 1, 0, 1, 0, 1, Eb, 1, V7, 5, major, 0, Bb4
154, 0, 0, 0, 1, 0, 0, 0, 1, 0, 0, 1, 0, 1, Eb, 1, I, 1, major, 0, Eb4
155, 0, 0, 1, 0, 0, 1, 0, 0, 1, 0, 1, 0, 1, Eb, 1, V7, 5, major, 0, Bb4
156, 0, 0, 0, 1, 0, 0, 0, 1, 0, 0, 1, 0, 1, Eb, 1, I, 1, major, 0, Eb4
157, 0, 0, 0, 1, 0, 0, 0, 1, 0, 0, 1, 0, 1, Eb, 1, I, 1, major, 0, Eb4
158, 0, 0, 0, 1, 0, 0, 0, 1, 0, 0, 1, 0, 1, Eb, 1, I, 1, major, 0, Eb4
159, 0, 0, 0, 1, 0, 0, 0, 1, 0, 0, 1, 0, 1, Eb, 1, I, 1, major, 0, Eb4
160, 0, 1, 0, 1, 0, 0, 0, 1, 0, 0, 1, 0, 2, Ab, 1, V7/IV, 5, major, 0, Eb5, Eb, 1, IV, 4, major, 0, Ab4
161, 1, 0, 0, 1, 0, 0, 0, 0, 1, 0, 0, 0, 1, Eb, 1, IV, 4, major, 0, Ab4
162, 0, 0, 0, 1, 0, 0, 0, 1, 0, 0, 1, 0, 1, Eb, 1, I6, 1, major, 1, Eb5
163, 0, 1, 0, 0, 0, 1, 0, 0, 1, 0, 0, 0, 1, F, 0, VI6, 6, major, 1, Db5
164, 1, 0, 0, 0, 1, 0, 0, 1, 0, 0, 0, 0, 1, F, 0, V6, 5, major, 1, C6
164, 1, 0, 0, 1, 0, 1, 0, 0, 0, 1, 0, 0, 2, Bb, 0, V42/iv, 5, major, 3, F5, F, 0, iv, 4, minor, 0, Bb4
165, 0, 1, 0, 0, 0, 1, 0, 0, 0, 0, 1, 0, 1, F, 0, iv6, 4, minor, 1, Bb5
165, 1, 0, 0, 1, 0, 0, 0, 0, 1, 0, 0, 0, 1, F, 0, III, 3, major, 0, Ab4
166, 0, 1, 0, 0, 0, 0, 0, 1, 0, 0, 1, 0, 1, F, 0, iio6, 2, diminished, 1, G5
166, 1, 0, 0, 0, 0, 1, 0, 0, 1, 0, 0, 0, 1, F, 0, i6, 1, minor, 1, F5
166, 0, 0, 1, 0, 0, 1, 0, 0, 1, 0, 0, 1, 2, C, 1, viio42/V, 7, diminished, 3, B4, F, 0, V, 5, major, 0, C5
167, 1, 0, 0, 0, 1, 0, 0, 1, 0, 0, 1, 0, 1, F, 0, V43, 5, major, 2, C5
167, 1, 0, 0, 0, 0, 1, 0, 0, 1, 0, 0, 0, 1, F, 0, i, 1, minor, 0, F4
168, 1, 0, 0, 0, 1, 0, 0, 1, 0, 0, 0, 0, 1, F, 0, V6, 5, major, 1, C6
168, 0, 1, 0, 0, 1, 0, 0, 1, 0, 0, 1, 0, 2, Ebb, 1, viio7/bVII, 7, diminished, 0, Db5, F, 0, bVII, 7, major, 0, Ebb5
168, 1, 0, 0, 0, 1, 0, 0, 1, 0, 0, 1, 0, 1, F, 0, V7, 5, major, 0, C5
169, 1, 0, 0, 0, 0, 1, 0, 0, 1, 0, 0, 0, 1, F, 0, i, 1, minor, 0, F4
170, 1, 0, 0, 0, 1, 0, 0, 1, 0, 0, 1, 0, 1, F, 0, V43, 5, major, 2, C5
171, 1, 0, 0, 0, 0, 1, 0, 0, 1, 0, 0, 0, 1, F, 0, i6, 1, minor, 1, F5
172, 1, 0, 0, 0, 1, 0, 0, 1, 0, 0, 1, 0, 1, F, 0, V42, 5, major, 3, C5
172, 1, 0, 0, 0, 1, 0, 0, 1, 0, 0, 0, 0, 1, F, 0, V, 5, major, 0, C5
173, 1, 0, 0, 0, 0, 1, 0, 0, 1, 0, 0, 0, 1, F, 0, i, 1, minor, 0, F4
174, 1, 0, 0, 0, 1, 0, 0, 1, 0, 0, 1, 0, 1, F, 0, V43, 5, major, 2, C5
175, 1, 0, 0, 0, 0, 1, 0, 0, 1, 0, 0, 0, 1, F, 0, i6, 1, minor, 1, F5
175, 1, 0, 0, 0, 0, 1, 0, 0, 1, 0, 0, 0, 1, F, 0, i, 1, minor, 0, F4
176, 0, 0, 1, 0, 0, 1, 0, 0, 0, 0, 1, 0, 1, Eb, 0, V6, 5, major, 1, Bb5
177, 0, 0, 0, 1, 0, 0, 1, 0, 0, 0, 1, 0, 1, Eb, 0, i, 1, minor, 0, Eb4
178, 0, 0, 1, 0, 0, 1, 0, 0, 1, 0, 1, 0, 1, Eb, 0, V43, 5, major, 2, Bb4
179, 0, 0, 0, 1, 0, 0, 1, 0, 0, 0, 1, 0, 1, Eb, 0, i6, 1, minor, 1, Eb5
180, 0, 0, 1, 0, 0, 1, 0, 0, 1, 0, 1, 0, 1, Eb, 0, V42, 5, major, 3, Bb4
180, 0, 0, 1, 0, 0, 1, 0, 0, 0, 0, 1, 0, 1, Eb, 0, V, 5, major, 0, Bb4
181, 0, 0, 0, 1, 0, 0, 1, 0, 0, 0, 1, 0, 1, Eb, 0, i, 1, minor, 0, Eb4
181, 0, 0, 1, 0, 0, 1, 0, 0, 1, 0, 1, 0, 1, Eb, 0, V43, 5, major, 2, Bb4
182, 0, 0, 0, 1, 0, 0, 0, 1, 0, 0, 1, 0, 2, Ab, 0, V6/iv, 5, major, 1, Eb6, Eb, 0, iv, 4, minor, 0, Ab4
182, 0, 0, 0, 1, 0, 0, 0, 0, 1, 0, 0, 1, 1, Eb, 0, iv, 4, minor, 0, Ab4
183, 0, 0, 0, 1, 0, 0, 0, 0, 1, 0, 0, 1, 1, Eb, 0, iv, 4, minor, 0, Ab4
184, 0, 0, 0, 1, 0, 0, 0, 0, 1, 0, 0, 1, 1, Eb, 0, iv, 4, minor, 0, Ab4
185, 0, 0, 0, 1, 0, 0, 0, 0, 1, 0, 0, 1, 1, Eb, 0, iv6, 4, minor, 1, Ab5
186, 0, 0, 0, 1, 0, 0, 0, 0, 1, 0, 0, 1, 1, Eb, 0, iv6, 4, minor, 1, Ab5
187, 1, 0, 0, 0, 0, 1, 0, 0, 0, 1, 0, 0, 2, Bb, 1, V6/V, 5, major, 1, F6, Eb, 0, V, 5, major, 0, Bb4
188, 1, 0, 0, 0, 0, 1, 0, 0, 0, 1, 0, 0, 2, Bb, 1, V6/V, 5, major, 1, F6, Eb, 0, V, 5, major, 0, Bb4
189, 1, 0, 0, 0, 0, 1, 0, 0, 0, 1, 0, 0, 2, Bb, 1, V6/V, 5, major, 1, F6, Eb, 0, V, 5, major, 0, Bb4
190, 1, 0, 0, 0, 0, 1, 0, 0, 0, 1, 0, 0, 2, Bb, 1, V6/V, 5, major, 1, F6, Eb, 0, V, 5, major, 0, Bb4
191, 1, 0, 0, 0, 0, 1, 0, 0, 1, 0, 0, 0, 1, Eb, 1, ii6, 2, minor, 1, F5
192, 1, 0, 0, 0, 0, 1, 0, 0, 1, 0, 0, 0, 1, Eb, 1, ii6, 2, minor, 1, F5
193, 0, 0, 1, 0, 0, 1, 0, 0, 1, 0, 1, 0, 1, Eb, 1, V43, 5, major, 2, Bb4
194, 0, 0, 0, 1, 0, 0, 0, 1, 0, 0, 1, 0, 1, Eb, 1, I, 1, major, 0, Eb4
195, 0, 0, 1, 0, 0, 1, 0, 0, 0, 0, 1, 0, 1, Eb, 1, V6, 5, major, 1, Bb5
196, 1, 0, 0, 1, 0, 0, 0, 0, 1, 0, 0, 0, 1, Eb, 1, IV6, 4, major, 1, Ab5
197, 0, 0, 1, 0, 0, 0, 0, 1, 0, 0, 0, 1, 2, C, 0, V6/vi, 5, major, 1, G5, Eb, 1, vi, 6, minor, 0, C5
198, 0, 0, 1, 0, 0, 1, 0, 0, 1, 0, 1, 0, 1, Eb, 1, V7, 5, major, 0, Bb4
199, 0, 0, 0, 1, 0, 0, 0, 1, 0, 0, 1, 0, 1, Eb, 1, I, 1, major, 0, Eb4
200, 0, 0, 1, 0, 0, 1, 0, 0, 1, 0, 1, 0, 1, Eb, 1, V7, 5, major, 0, Bb4
201, 0, 0, 0, 1, 0, 0, 0, 1, 0, 0, 1, 0, 1, Eb, 1, I, 1, major, 0, Eb4
202, 0, 0, 1, 0, 0, 1, 0, 0, 1, 0, 1, 0, 1, Eb, 1, V7, 5, major, 0, Bb4
203, 0, 0, 0, 1, 0, 0, 0, 1, 0, 0, 1, 0, 1, Eb, 1, I, 1, major, 0, Eb4
204, 0, 0, 1, 0, 0, 1, 0, 0, 1, 0, 1, 0, 1, Eb, 1, V7, 5, major, 0, Bb4
205, 0, 0, 0, 1, 0, 0, 0, 1, 0, 0, 1, 0, 1, Eb, 1, I, 1, major, 0, Eb4
206, 0, 0, 1, 0, 0, 1, 0, 0, 1, 0, 1, 0, 1, Eb, 1, V7, 5, major, 0, Bb4
207, 0, 0, 0, 1, 0, 0, 0, 1, 0, 0, 1, 0, 1, Eb, 1, I, 1, major, 0, Eb4
208, 0, 0, 1, 0, 0, 1, 0, 0, 0, 0, 1, 0, 1, Eb, 1, V, 5, major, 0, Bb4
208, 0, 0, 1, 0, 0, 1, 0, 0, 1, 0, 1, 0, 1, Eb, 1, V42, 5, major, 3, Bb4
209, 0, 0, 0, 1, 0, 0, 0, 1, 0, 0, 1, 0, 1, Eb, 1, I6, 1, major, 1, Eb5
209, 0, 0, 0, 1, 0, 0, 0, 1, 0, 0, 1, 0, 1, Eb, 1, I, 1, major, 0, Eb4
210, 0, 0, 1, 0, 0, 1, 0, 0, 1, 0, 1, 0, 1, Eb, 1, V7, 5, major, 0, Bb4
211, 0, 0, 0, 1, 0, 0, 0, 1, 0, 0, 1, 0, 1, Eb, 1, I, 1, major, 0, Eb4
212, 0, 0, 1, 0, 0, 1, 0, 0, 1, 0, 1, 0, 1, Eb, 1, V7, 5, major, 0, Bb4
213, 0, 0, 0, 1, 0, 0, 0, 1, 0, 0, 1, 0, 1, Eb, 1, I, 1, major, 0, Eb4
214, 0, 0, 1, 0, 0, 1, 0, 0, 1, 0, 1, 0, 1, Eb, 1, V7, 5, major, 0, Bb4
215, 0, 0, 0, 1, 0, 0, 0, 1, 0, 0, 1, 0, 1, Eb, 1, I, 1, major, 0, Eb4
216, 0, 0, 1, 0, 0, 1, 0, 0, 1, 0, 1, 0, 1, Eb, 1, V7, 5, major, 0, Bb4
217, 0, 0, 0, 1, 0, 0, 0, 1, 0, 0, 1, 0, 1, Eb, 1, I, 1, major, 0, Eb4
218, 0, 0, 1, 0, 0, 1, 0, 0, 1, 0, 1, 0, 1, Eb, 1, V7, 5, major, 0, Bb4
219, 0, 0, 0, 1, 0, 0, 0, 1, 0, 0, 1, 0, 1, Eb, 1, I, 1, major, 0, Eb4
220, 0, 0, 1, 0, 0, 1, 0, 0, 0, 0, 1, 0, 1, Eb, 1, V, 5, major, 0, Bb4
220, 0, 0, 1, 0, 0, 1, 0, 0, 1, 0, 1, 0, 1, Eb, 1, V42, 5, major, 3, Bb4
221, 0, 0, 0, 1, 0, 0, 0, 1, 0, 0, 1, 0, 1, Eb, 1, I6, 1, major, 1, Eb5
221, 0, 0, 0, 1, 0, 0, 0, 1, 0, 0, 1, 0, 1, Eb, 1, I, 1, major, 0, Eb4
222, 0, 0, 1, 0, 0, 1, 0, 0, 0, 0, 1, 0, 1, Eb, 1, V, 5, major, 0, Bb4
222, 0, 0, 1, 0, 0, 1, 0, 0, 1, 0, 1, 0, 1, Eb, 1, V42, 5, major, 3, Bb4
223, 0, 0, 0, 1, 0, 0, 0, 1, 0, 0, 1, 0, 1, Eb, 1, I6, 1, major, 1, Eb5
223, 0, 0, 0, 1, 0, 0, 0, 1, 0, 0, 1, 0, 1, Eb, 1, I, 1, major, 0, Eb4
224, 0, 0, 1, 0, 0, 1, 0, 0, 1, 0, 1, 0, 1, Eb, 1, V7, 5, major, 0, Bb4
225, 0, 0, 0, 1, 0, 0, 0, 1, 0, 0, 1, 0, 1, Eb, 1, I, 1, major, 0, Eb4
226, 0, 0, 0, 1, 0, 0, 0, 1, 0, 0, 1, 0, 1, Eb, 1, I, 1, major, 0, Eb4
227, 0, 0, 0, 1, 0, 0, 0, 1, 0, 0, 1, 0, 1, Eb, 1, I, 1, major, 0, Eb4
228, 0, 0, 0, 1, 0, 0, 0, 1, 0, 0, 1, 0, 1, Eb, 1, I, 1, major, 0, Eb4
229, 0, 0, 0, 1, 0, 0, 0, 1, 0, 0, 1, 0, 1, Eb, 1, I6, 1, major, 1, Eb5
230, 0, 0, 1, 0, 0, 1, 0, 0, 0, 0, 1, 0, 1, Eb, 1, V, 5, major, 0, Bb4
231, 0, 0, 0, 1, 0, 0, 0, 1, 0, 0, 1, 0, 1, Eb, 1, I, 1, major, 0, Eb4
232, 0, 0, 1, 0, 0, 1, 0, 0, 0, 0, 1, 0, 1, Eb, 1, V, 5, major, 0, Bb4
233, 0, 0, 1, 0, 0, 1, 0, 0, 0, 0, 1, 0, 1, Eb, 1, V, 5, major, 0, Bb4
234, 0, 0, 1, 0, 0, 1, 0, 0, 0, 0, 1, 0, 1, Eb, 1, V, 5, major, 0, Bb4
235, 0, 0, 1, 0, 0, 1, 0, 0, 0, 0, 1, 0, 1, Eb, 1, V, 5, major, 0, Bb4
236, 0, 0, 1, 0, 0, 1, 0, 0, 0, 0, 1, 0, 1, Eb, 1, V, 5, major, 0, Bb4
237, 0, 0, 0, 1, 0, 0, 0, 1, 0, 0, 1, 0, 1, Eb, 1, I6, 1, major, 1, Eb5
238, 0, 0, 0, 1, 0, 0, 0, 1, 0, 0, 1, 0, 1, Eb, 1, I6, 1, major, 1, Eb5
239, 0, 0, 0, 1, 0, 0, 0, 1, 0, 0, 1, 0, 1, Eb, 1, I6, 1, major, 1, Eb5
240, 0, 0, 0, 1, 0, 0, 0, 1, 0, 0, 1, 0, 1, Eb, 1, I6, 1, major, 1, Eb5
241, 0, 0, 1, 0, 0, 1, 0, 0, 0, 0, 1, 0, 1, Eb, 1, V, 5, major, 0, Bb4
241, 0, 0, 0, 1, 0, 0, 0, 1, 0, 0, 1, 0, 1, Eb, 1, I, 1, major, 0, Eb4
242, 0, 0, 1, 0, 0, 1, 0, 0, 0, 0, 1, 0, 1, Eb, 1, V, 5, major, 0, Bb4
242, 0, 0, 0, 1, 0, 0, 0, 1, 0, 0, 1, 0, 1, Eb, 1, I, 1, major, 0, Eb4
243, 0, 0, 1, 0, 0, 1, 0, 0, 0, 0, 1, 0, 1, Eb, 1, V, 5, major, 0, Bb4
243, 0, 0, 0, 1, 0, 0, 0, 1, 0, 0, 1, 0, 1, Eb, 1, I, 1, major, 0, Eb4
244, 0, 0, 1, 0, 0, 1, 0, 0, 0, 0, 1, 0, 1, Eb, 1, V, 5, major, 0, Bb4
245, 0, 0, 0, 1, 0, 0, 0, 1, 0, 0, 1, 0, 1, Eb, 1, I, 1, major, 0, Eb4
246, 0, 0, 1, 1, 0, 0, 0, 1, 0, 0, 1, 0, 1, Eb, 1, I42, 1, major, 3, Eb5
247, 1, 0, 0, 1, 0, 0, 0, 0, 1, 0, 0, 0, 1, Eb, 1, IV6, 4, major, 1, Ab5
248, 0, 0, 0, 1, 0, 0, 0, 1, 0, 0, 1, 0, 1, Eb, 1, I64, 1, major, 2, Eb5
249, 1, 0, 0, 1, 0, 0, 0, 0, 1, 0, 0, 0, 1, Eb, 1, IV, 4, major, 0, Ab4
250, 0, 0, 0, 1, 0, 0, 0, 1, 0, 0, 1, 0, 1, Eb, 1, I6, 1, major, 1, Eb5
251, 1, 0, 0, 1, 0, 0, 0, 0, 1, 0, 0, 0, 1, Eb, 1, IV, 4, major, 0, Ab4
252, 0, 0, 0, 1, 0, 0, 0, 1, 0, 0, 1, 0, 1, Eb, 1, I6, 1, major, 1, Eb5
253, 1, 0, 0, 1, 0, 0, 0, 0, 1, 0, 0, 0, 1, Eb, 1, IV, 4, major, 0, Ab4
254, 0, 0, 0, 1, 0, 0, 0, 1, 0, 0, 1, 0, 1, Eb, 1, I6, 1, major, 1, Eb5
255, 0, 0, 0, 1, 0, 0, 0, 1, 0, 0, 1, 0, 1, Eb, 1, I6, 1, major, 1, Eb5
256, 0, 0, 1, 0, 0, 1, 0, 0, 1, 0, 1, 0, 1, Eb, 1, V7, 5, major, 0, Bb4
257, 0, 0, 0, 1, 0, 0, 0, 1, 0, 0, 1, 0, 1, Eb, 1, I, 1, major, 0, Eb4
