1, 0, 0, 0, 0, 1, 0, 0, 1, 0, 0, 0, 1, 1, E, 0, i, 1, minor, 0, E4
1, 0, 0, 0, 0, 1, 0, 0, 1, 0, 0, 0, 1, 1, E, 0, i, 1, minor, 0, E4
2, 0, 0, 1, 0, 0, 0, 1, 0, 0, 1, 0, 0, 2, G, 1, V/III, 5, major, 0, D5, E, 0, III, 3, major, 0, G4
3, 1, 0, 1, 0, 0, 0, 1, 0, 0, 1, 0, 0, 1, G, 1, V42, 5, major, 3, D5
4, 0, 0, 1, 0, 0, 0, 0, 1, 0, 0, 0, 1, 1, G, 1, I, 1, major, 0, G4
5, 0, 0, 1, 0, 0, 0, 0, 1, 0, 0, 0, 1, 1, G, 1, I, 1, major, 0, G4
6, 0, 1, 0, 0, 0, 0, 1, 0, 0, 0, 1, 0, 2, B, 0, V/iii, 5, major, 0, F#5, G, 1, iii, 3, minor, 0, B4
7, 0, 1, 0, 0, 1, 0, 1, 0, 0, 0, 1, 0, 1, B, 0, V42, 5, major, 3, F#5
8, 0, 0, 1, 0, 0, 0, 1, 0, 0, 0, 0, 1, 1, B, 0, i, 1, minor, 0, B4
9, 0, 0, 1, 0, 0, 0, 0, 1, 0, 0, 0, 1, 1, G, 1, I6, 1, major, 1, G5
10, 1, 0, 0, 0, 1, 0, 0, 0, 0, 1, 0, 0, 1, G, 1, ii, 2, minor, 0, A4
11, 1, 0, 1, 0, 0, 0, 1, 0, 0, 1, 0, 0, 1, G, 1, V7, 5, major, 0, D5
12, 0, 0, 1, 0, 0, 0, 0, 1, 0, 0, 0, 1, 1, G, 1, I, 1, major, 0, G4
13, 0, 0, 0, 0, 1, 0, 0, 1, 0, 0, 0, 1, 1, E, 0, i, 1, minor, 0, E4
14, 1, 0, 0, 0, 1, 0, 0, 1, 0, 0, 0, 0, 1, E, 0, VI, 6, major, 0, C5
15, 1, 0, 0, 0, 1, 0, 0, 1, 0, 0, 0, 0, 1, E, 0, VI, 6, major, 0, C5
16, 0, 0, 0, 1, 0, 0, 1, 0, 0, 0, 0, 1, 1, E, 0, V, 5, major, 0, B4
17, 0, 0, 0, 0, 1, 0, 0, 1, 0, 0, 0, 1, 1, E, 0, i6, 1, minor, 1, E5
18, 0, 1, 0, 0, 1, 0, 1, 0, 0, 1, 0, 0, 1, E, 0, iihalfdim65, 2, minor, 1, F#5
19, 0, 1, 0, 0, 1, 0, 1, 0, 0, 0, 1, 0, 2, B, 1, V65/V, 5, major, 1, F#6, E, 0, V, 5, major, 0, B4
19, 0, 0, 0, 1, 0, 0, 1, 0, 0, 1, 0, 1, 1, E, 0, V7, 5, major, 0, B4
20, 1, 0, 0, 0, 1, 0, 0, 1, 0, 0, 0, 0, 1, E, 0, VI, 6, major, 0, C5
21, 0, 0, 0, 0, 1, 0, 0, 1, 0, 0, 0, 1, 1, E, 0, i6, 1, minor, 1, E5
22, 0, 0, 0, 0, 1, 0, 0, 0, 1, 0, 0, 1, 2, A, 0, V6/iv, 5, major, 1, E6, E, 0, iv, 4, minor, 0, A4
22, 0, 1, 0, 0, 1, 0, 1, 0, 0, 1, 0, 0, 1, E, 0, iihalfdim65, 2, minor, 1, F#5
23, 0, 1, 0, 0, 1, 0, 1, 0, 0, 0, 1, 0, 2, B, 1, V65/V, 5, major, 1, F#6, E, 0, V, 5, major, 0, B4
23, 0, 0, 0, 1, 0, 0, 1, 0, 0, 1, 0, 1, 1, E, 0, V7, 5, major, 0, B4
24, 0, 0, 0, 0, 1, 0, 0, 1, 0, 0, 0, 1, 1, E, 0, i, 1, minor, 0, E4
25, 0, 0, 0, 0, 1, 0, 0, 1, 0, 0, 0, 1, 1, E, 0, i, 1, minor, 0, E4
26, 0, 0, 0, 0, 1, 0, 0, 1, 0, 0, 0, 1, 1, E, 0, i, 1, minor, 0, E4
27, 0, 0, 0, 0, 1, 0, 0, 1, 0, 0, 0, 1, 1, E, 0, i, 1, minor, 0, E4
28, 0, 0, 0, 0, 1, 0, 0, 1, 0, 0, 0, 1, 1, E, 0, i, 1, minor, 0, E4
29, 0, 0, 1, 0, 0, 1, 0, 1, 0, 0, 0, 1, 1, C, 1, V7, 5, major, 0, G4
29, 0, 0, 1, 0, 0, 1, 0, 1, 0, 0, 0, 1, 1, C, 1, V7, 5, major, 0, G4
30, 0, 0, 1, 0, 0, 1, 0, 1, 0, 0, 0, 1, 1, C, 1, V7, 5, major, 0, G4
31, 0, 0, 1, 0, 0, 1, 0, 1, 0, 0, 0, 1, 1, C, 1, V7, 5, major, 0, G4
32, 0, 0, 1, 0, 0, 1, 0, 1, 0, 0, 0, 1, 1, C, 1, V65, 5, major, 1, G5
32, 1, 0, 0, 0, 1, 0, 0, 1, 0, 0, 0, 0, 1, C, 1, I, 1, major, 0, C4
33, 0, 0, 1, 0, 1, 0, 0, 0, 1, 0, 0, 1, 1, A, 0, V7, 5, major, 0, E5
33, 0, 0, 1, 0, 1, 0, 0, 0, 1, 0, 0, 1, 1, A, 0, V7, 5, major, 0, E5
34, 0, 0, 1, 0, 1, 0, 0, 0, 1, 0, 0, 1, 1, A, 0, V7, 5, major, 0, E5
35, 0, 0, 1, 0, 1, 0, 0, 0, 1, 0, 0, 1, 1, A, 0, V7, 5, major, 0, E5
36, 0, 0, 1, 0, 1, 0, 0, 0, 1, 0, 0, 1, 1, A, 0, V65, 5, major, 1, E6
36, 1, 0, 0, 0, 1, 0, 0, 0, 0, 1, 0, 0, 1, A, 0, i, 1, minor, 0, A4
37, 0, 0, 1, 0, 0, 1, 0, 0, 0, 0, 1, 0, 1, Bb, 1, I, 1, major, 0, Bb4
37, 0, 0, 1, 0, 0, 1, 0, 0, 0, 0, 1, 0, 1, Bb, 1, I, 1, major, 0, Bb4
38, 0, 0, 1, 0, 0, 1, 0, 0, 0, 0, 1, 0, 1, Bb, 1, I, 1, major, 0, Bb4
39, 0, 0, 1, 0, 0, 1, 0, 0, 0, 0, 1, 0, 1, Bb, 1, I, 1, major, 0, Bb4
40, 0, 0, 0, 0, 1, 0, 0, 1, 0, 0, 1, 0, 2, F, 1, viio/V, 7, diminished, 0, E5, Bb, 1, V, 5, major, 0, F5
41, 0, 1, 0, 0, 1, 0, 0, 1, 0, 0, 1, 0, 1, B, 0, viio7, 7, diminished, 0, A#5
41, 0, 1, 0, 0, 1, 0, 0, 1, 0, 0, 1, 0, 1, B, 0, viio7, 7, diminished, 0, A#5
42, 0, 1, 0, 0, 1, 0, 0, 1, 0, 0, 1, 0, 1, B, 0, viio7, 7, diminished, 0, A#5
43, 0, 1, 0, 0, 1, 0, 0, 1, 0, 0, 1, 0, 1, B, 0, viio7, 7, diminished, 0, A#5
44, 0, 1, 0, 0, 1, 0, 0, 1, 0, 0, 1, 0, 1, B, 0, viio7, 7, diminished, 0, A#5
45, 0, 1, 0, 0, 1, 0, 1, 0, 0, 0, 1, 0, 1, B, 0, V65, 5, major, 1, F#6
45, 0, 0, 1, 0, 0, 0, 1, 0, 0, 0, 0, 1, 1, B, 0, i, 1, minor, 0, B4
46, 0, 0, 1, 0, 0, 0, 1, 0, 0, 0, 0, 1, 1, B, 0, i6, 1, minor, 1, B5
47, 0, 0, 0, 1, 0, 0, 1, 0, 0, 1, 0, 1, 2, E, 0, V65/iv, 5, major, 1, B5, B, 0, iv, 4, minor, 0, E5
47, 1, 0, 0, 0, 1, 0, 0, 1, 0, 0, 0, 0, 1, B, 0, N6, 2, major, 1, C6
48, 1, 0, 0, 0, 1, 0, 0, 1, 0, 0, 0, 0, 1, B, 0, N6, 2, major, 1, C6
48, 0, 0, 0, 1, 0, 0, 1, 0, 0, 1, 0, 0, 2, E, 0, viio6/iv, 7, diminished, 1, D#5, B, 0, iv, 4, minor, 0, E5
49, 1, 0, 0, 1, 0, 0, 1, 0, 0, 1, 0, 0, 2, E, 0, viio65/iv, 7, diminished, 1, D#5, B, 0, iv, 4, minor, 0, E5
49, 0, 0, 0, 0, 1, 0, 0, 1, 0, 0, 0, 1, 1, B, 0, iv6, 4, minor, 1, E6
50, 0, 1, 0, 1, 0, 0, 0, 1, 0, 0, 1, 0, 2, Ab, 1, V65/bVII, 5, major, 1, Eb6, B, 0, bVII, 7, major, 0, Ab5
50, 0, 1, 0, 0, 0, 1, 0, 0, 1, 0, 0, 1, 2, F#, 1, V43/V, 5, major, 2, C#5, B, 0, V, 5, major, 0, F#5
51, 0, 1, 0, 0, 0, 1, 0, 0, 1, 0, 0, 1, 2, F#, 1, V7/V, 5, major, 0, C#5, B, 0, V, 5, major, 0, F#5
52, 0, 1, 0, 0, 0, 1, 0, 0, 1, 0, 0, 1, 2, F#, 1, V7/V, 5, major, 0, C#5, B, 0, V, 5, major, 0, F#5
53, 0, 1, 0, 0, 1, 0, 1, 0, 0, 0, 1, 0, 1, B, 0, V7, 5, major, 0, F#5
54, 0, 1, 0, 0, 1, 0, 1, 0, 0, 0, 1, 0, 1, B, 0, V7, 5, major, 0, F#5
55, 0, 0, 1, 0, 0, 0, 1, 0, 0, 0, 0, 1, 1, B, 0, i, 1, minor, 0, B4
56, 0, 0, 1, 0, 0, 0, 1, 0, 0, 0, 0, 1, 1, B, 0, i, 1, minor, 0, B4
57, 0, 0, 1, 0, 0, 0, 1, 0, 0, 0, 0, 1, 1, B, 0, i, 1, minor, 0, B4
58, 0, 0, 1, 0, 0, 0, 1, 0, 0, 0, 0, 1, 1, B, 0, i, 1, minor, 0, B4
59, 0, 0, 1, 0, 1, 0, 0, 1, 0, 0, 0, 1, 1, B, 0, iv7, 4, minor, 0, E5
60, 0, 0, 1, 0, 0, 0, 1, 0, 0, 0, 0, 1, 1, B, 0, i64, 1, minor, 2, B5
61, 0, 1, 0, 0, 1, 0, 1, 0, 0, 0, 1, 0, 1, B, 0, V7, 5, major, 0, F#5
61, 0, 1, 0, 0, 1, 0, 1, 0, 0, 0, 1, 0, 1, B, 0, V7, 5, major, 0, F#5
62, 0, 1, 0, 0, 1, 0, 1, 0, 0, 0, 1, 0, 1, B, 0, V7, 5, major, 0, F#5
63, 0, 1, 0, 0, 1, 0, 1, 0, 0, 0, 1, 0, 1, B, 0, V7, 5, major, 0, F#5
64, 0, 1, 0, 0, 1, 0, 1, 0, 0, 0, 1, 0, 1, B, 0, V7, 5, major, 0, F#5
65, 0, 1, 0, 0, 1, 0, 1, 0, 0, 0, 1, 0, 1, B, 0, V7, 5, major, 0, F#5
66, 0, 1, 0, 0, 1, 0, 1, 0, 0, 0, 1, 0, 1, B, 0, V7, 5, major, 0, F#5
67, 0, 0, 1, 0, 0, 0, 1, 0, 0, 0, 0, 1, 1, B, 0, i, 1, minor, 0, B4
68, 0, 0, 0, 0, 1, 0, 0, 1, 0, 0, 0, 1, 1, B, 0, iv, 4, minor, 0, E5
69, 1, 0, 0, 0, 1, 0, 0, 1, 0, 0, 0, 0, 1, B, 0, N6, 2, major, 1, C6
70, 0, 1, 0, 0, 1, 0, 1, 0, 0, 0, 1, 0, 1, B, 0, V7, 5, major, 0, F#5
71, 0, 0, 1, 0, 0, 0, 1, 0, 0, 0, 0, 1, 1, B, 0, i, 1, minor, 0, B4
72, 0, 0, 0, 0, 1, 0, 0, 1, 0, 0, 0, 1, 1, B, 0, iv, 4, minor, 0, E5
73, 1, 0, 0, 0, 1, 0, 0, 1, 0, 0, 0, 0, 1, B, 0, N6, 2, major, 1, C6
74, 0, 1, 0, 0, 1, 0, 1, 0, 0, 0, 1, 0, 1, B, 0, V7, 5, major, 0, F#5
75, 0, 1, 0, 0, 1, 0, 1, 0, 0, 0, 1, 0, 1, B, 0, V7, 5, major, 0, F#5
76, 0, 0, 1, 0, 0, 0, 1, 0, 0, 0, 0, 1, 1, B, 0, i, 1, minor, 0, B4
77, 0, 0, 1, 0, 0, 0, 1, 0, 0, 0, 0, 1, 1, B, 0, i, 1, minor, 0, B4
78, 0, 1, 0, 0, 1, 0, 1, 0, 0, 0, 1, 0, 1, B, 0, V7, 5, major, 0, F#5
79, 0, 0, 1, 0, 0, 0, 1, 0, 0, 0, 0, 1, 1, B, 0, i, 1, minor, 0, B4
80, 0, 0, 1, 0, 0, 0, 1, 0, 0, 0, 0, 1, 1, B, 0, i, 1, minor, 0, B4
81, 0, 0, 1, 0, 0, 0, 1, 0, 0, 0, 0, 1, 1, B, 0, i, 1, minor, 0, B4
82, 0, 0, 1, 0, 0, 0, 1, 0, 0, 0, 0, 1, 1, B, 0, i, 1, minor, 0, B4
83, 0, 0, 1, 0, 0, 0, 1, 0, 0, 0, 0, 1, 1, B, 0, i, 1, minor, 0, B4
84, 0, 0, 1, 0, 0, 0, 1, 0, 0, 0, 0, 1, 1, B, 0, i, 1, minor, 0, B4
85, 0, 0, 0, 1, 0, 0, 1, 0, 0, 1, 0, 1, 1, E, 0, V43, 5, major, 2, B4
85, 0, 0, 0, 1, 0, 0, 1, 0, 0, 1, 0, 1, 1, E, 0, V43, 5, major, 2, B4
86, 0, 0, 0, 0, 1, 0, 0, 1, 0, 0, 0, 1, 1, E, 0, i, 1, minor, 0, E4
87, 0, 0, 1, 0, 0, 1, 0, 0, 1, 0, 0, 1, 1, A, 0, viio43, 7, diminished, 2, G#5
88, 1, 0, 0, 0, 1, 0, 0, 0, 0, 1, 0, 0, 1, A, 0, i6, 1, minor, 1, A5
89, 1, 0, 0, 0, 1, 0, 0, 0, 0, 1, 0, 0, 1, A, 0, i, 1, minor, 0, A4
90, 0, 0, 1, 0, 0, 1, 0, 0, 1, 0, 0, 1, 2, C, 0, viio42/vi, 7, diminished, 3, B4, Eb, 1, vi, 6, minor, 0, C5
91, 0, 0, 1, 0, 0, 1, 0, 0, 1, 0, 1, 0, 1, Eb, 1, V42, 5, major, 3, Bb4
92, 0, 0, 0, 1, 0, 0, 0, 1, 0, 0, 1, 0, 1, Eb, 1, I6, 1, major, 1, Eb5
93, 1, 0, 0, 1, 0, 0, 1, 0, 0, 1, 0, 0, 2, Bb, 1, viio42/V, 7, diminished, 3, A5, Eb, 1, V, 5, major, 0, Bb4
94, 1, 0, 0, 1, 0, 0, 1, 0, 0, 1, 0, 0, 2, Bb, 1, viio43/V, 7, diminished, 2, A5, Eb, 1, V, 5, major, 0, Bb4
95, 1, 0, 0, 1, 0, 0, 1, 0, 0, 1, 0, 0, 2, Bb, 1, viio65/V, 7, diminished, 1, A5, Eb, 1, V, 5, major, 0, Bb4
96, 1, 0, 0, 1, 0, 0, 0, 0, 0, 1, 0, 0, 2, Bb, 1, viio/V, 7, diminished, 0, A5, Eb, 1, V, 5, major, 0, Bb4
97, 1, 0, 0, 0, 0, 0, 1, 0, 0, 1, 0, 0, 2, G, 0, viio/iii, 7, diminished, 0, F#5, Eb, 1, iii, 3, minor, 0, G4
98, 1, 0, 0, 1, 0, 0, 1, 0, 0, 1, 0, 0, 2, G, 0, viio42/iii, 7, diminished, 3, F#5, Eb, 1, iii, 3, minor, 0, G4
99, 1, 0, 1, 0, 0, 0, 1, 0, 0, 1, 0, 0, 2, G, 1, V7/V, 5, major, 0, D5, C, 1, V, 5, major, 0, G4
100, 0, 0, 1, 0, 0, 1, 0, 1, 0, 0, 0, 1, 1, C, 1, V7, 5, major, 0, G4
101, 0, 0, 1, 0, 0, 1, 0, 1, 0, 0, 0, 1, 1, C, 1, V7, 5, major, 0, G4
102, 0, 0, 1, 0, 0, 1, 0, 1, 0, 0, 0, 1, 1, C, 1, V7, 5, major, 0, G4
103, 0, 0, 1, 0, 0, 1, 0, 1, 0, 0, 0, 1, 1, C, 1, V7, 5, major, 0, G4
104, 0, 0, 1, 0, 0, 1, 0, 1, 0, 0, 0, 1, 1, C, 1, V7, 5, major, 0, G4
105, 0, 0, 1, 0, 0, 1, 0, 1, 0, 0, 0, 1, 1, C, 1, V7, 5, major, 0, G4
106, 0, 0, 1, 0, 0, 1, 0, 1, 0, 0, 0, 1, 1, C, 1, V7, 5, major, 0, G4
107, 0, 0, 1, 0, 0, 1, 0, 1, 0, 0, 0, 1, 1, C, 1, V7, 5, major, 0, G4
108, 0, 0, 1, 0, 0, 1, 0, 1, 0, 0, 0, 1, 1, C, 1, V7, 5, major, 0, G4
109, 0, 0, 1, 0, 0, 1, 0, 1, 0, 0, 0, 1, 1, C, 1, V7, 5, major, 0, G4
110, 1, 0, 0, 0, 1, 0, 0, 1, 0, 0, 0, 0, 1, C, 1, I, 1, major, 0, C4
111, 0, 0, 1, 0, 0, 1, 0, 0, 0, 1, 0, 0, 1, C, 1, ii, 2, minor, 0, D4
112, 0, 0, 1, 0, 0, 1, 0, 1, 0, 0, 0, 1, 1, C, 1, V7, 5, major, 0, G4
113, 1, 0, 0, 0, 1, 0, 0, 1, 0, 0, 0, 0, 1, C, 1, I, 1, major, 0, C4
114, 1, 0, 0, 0, 1, 0, 0, 1, 0, 0, 1, 0, 1, F, 1, V42, 5, major, 3, C5
114, 1, 0, 0, 0, 0, 1, 0, 0, 0, 1, 0, 0, 1, F, 1, I6, 1, major, 1, F5
115, 0, 0, 1, 0, 0, 0, 1, 0, 0, 1, 0, 0, 2, G, 0, V6/ii, 5, major, 1, D6, F, 1, ii, 2, minor, 0, G4
115, 0, 0, 1, 0, 0, 0, 0, 1, 0, 0, 1, 0, 1, F, 1, ii, 2, minor, 0, G4
116, 1, 0, 0, 0, 1, 0, 0, 1, 0, 0, 1, 0, 1, F, 1, V7, 5, major, 0, C5
117, 1, 0, 0, 0, 0, 1, 0, 0, 0, 1, 0, 0, 1, F, 1, I, 1, major, 0, F4
118, 0, 0, 1, 0, 0, 1, 0, 0, 0, 1, 0, 0, 1, F, 1, vi6, 6, minor, 1, D5
119, 0, 1, 0, 0, 1, 0, 0, 1, 0, 1, 0, 0, 2, D, 0, V65/vi, 5, major, 1, A5, F, 1, vi, 6, minor, 0, D5
120, 0, 0, 1, 0, 1, 0, 0, 0, 1, 0, 0, 1, 1, A, 0, V65, 5, major, 1, E6
121, 1, 0, 0, 0, 1, 0, 0, 0, 0, 1, 0, 0, 1, A, 0, i, 1, minor, 0, A4
122, 0, 0, 1, 0, 1, 0, 0, 0, 1, 0, 0, 1, 1, A, 0, V43, 5, major, 2, E5
123, 1, 0, 0, 0, 1, 0, 0, 0, 0, 1, 0, 0, 1, A, 0, i6, 1, minor, 1, A5
124, 0, 0, 0, 1, 0, 0, 1, 0, 0, 1, 0, 1, 2, E, 1, V65/V, 5, major, 1, B5, A, 0, V, 5, major, 0, E5
125, 1, 0, 0, 0, 1, 0, 0, 0, 0, 1, 0, 0, 1, A, 0, i64, 1, minor, 2, A5
126, 0, 0, 0, 1, 0, 0, 1, 0, 0, 1, 0, 1, 1, E, 0, V43, 5, major, 2, B4
127, 0, 0, 0, 0, 1, 0, 0, 1, 0, 0, 0, 1, 1, E, 0, i6, 1, minor, 1, E5
128, 0, 1, 0, 0, 1, 0, 1, 0, 0, 1, 0, 0, 1, E, 0, iihalfdim65, 2, minor, 1, F#5
129, 0, 1, 0, 0, 1, 0, 0, 1, 0, 0, 1, 0, 2, B, 1, viio7/V, 7, diminished, 0, A#5, E, 0, V, 5, major, 0, B4
130, 0, 0, 0, 0, 1, 0, 0, 1, 0, 0, 0, 1, 1, E, 0, i64, 1, minor, 2, E5
131, 0, 0, 0, 0, 1, 0, 0, 1, 0, 0, 0, 1, 1, E, 0, i64, 1, minor, 2, E5
132, 0, 0, 0, 0, 1, 0, 0, 1, 0, 0, 0, 1, 1, E, 0, i64, 1, minor, 2, E5
133, 0, 0, 0, 0, 1, 0, 0, 1, 0, 0, 0, 1, 1, E, 0, i64, 1, minor, 2, E5
134, 0, 0, 0, 0, 1, 0, 0, 1, 0, 0, 0, 1, 1, E, 0, i64, 1, minor, 2, E5
135, 0, 0, 0, 0, 1, 0, 0, 1, 0, 0, 0, 1, 1, E, 0, i64, 1, minor, 2, E5
136, 0, 0, 0, 0, 1, 0, 0, 1, 0, 0, 0, 1, 1, E, 0, i64, 1, minor, 2, E5
137, 0, 0, 0, 0, 1, 0, 0, 1, 0, 0, 0, 1, 1, E, 0, i64, 1, minor, 2, E5
138, 0, 0, 0, 0, 1, 0, 0, 1, 0, 0, 0, 1, 1, E, 0, i64, 1, minor, 2, E5
139, 0, 0, 0, 0, 1, 0, 0, 1, 0, 0, 0, 1, 1, E, 0, i64, 1, minor, 2, E5
140, 0, 0, 0, 0, 1, 0, 0, 1, 0, 0, 0, 1, 1, E, 0, i64, 1, minor, 2, E5
141, 0, 0, 0, 0, 1, 0, 0, 1, 0, 0, 0, 1, 1, E, 0, i64, 1, minor, 2, E5
142, 0, 0, 0, 0, 1, 0, 0, 1, 0, 0, 0, 1, 1, E, 0, i64, 1, minor, 2, E5
143, 0, 0, 0, 0, 1, 0, 0, 1, 0, 0, 0, 1, 1, E, 0, i64, 1, minor, 2, E5
144, 0, 0, 0, 0, 1, 0, 0, 1, 0, 0, 0, 1, 1, E, 0, i, 1, minor, 0, E4
144, 0, 0, 0, 0, 1, 0, 0, 1, 0, 0, 0, 1, 1, E, 0, i, 1, minor, 0, E4
145, 0, 0, 0, 0, 1, 0, 0, 1, 0, 0, 0, 1, 1, E, 0, i, 1, minor, 0, E4
146, 0, 0, 0, 0, 1, 0, 0, 1, 0, 0, 0, 1, 1, E, 0, i, 1, minor, 0, E4
147, 0, 0, 0, 0, 1, 0, 0, 1, 0, 0, 0, 1, 1, E, 0, i, 1, minor, 0, E4
148, 0, 0, 0, 0, 1, 0, 0, 1, 0, 0, 0, 1, 1, E, 0, i, 1, minor, 0, E4
149, 0, 0, 0, 0, 1, 0, 0, 1, 0, 0, 0, 1, 1, E, 0, i, 1, minor, 0, E4
150, 0, 0, 0, 0, 1, 0, 0, 1, 0, 0, 0, 1, 1, E, 0, i, 1, minor, 0, E4
151, 0, 0, 0, 0, 1, 0, 0, 1, 0, 0, 0, 1, 1, E, 0, i, 1, minor, 0, E4
152, 0, 0, 0, 0, 1, 0, 0, 1, 0, 0, 0, 1, 1, E, 0, i, 1, minor, 0, E4
153, 0, 0, 0, 0, 1, 0, 0, 1, 0, 0, 0, 1, 1, E, 0, i, 1, minor, 0, E4
154, 0, 0, 0, 0, 1, 0, 0, 1, 0, 0, 0, 1, 1, E, 0, i, 1, minor, 0, E4
155, 0, 0, 0, 0, 1, 0, 0, 1, 0, 0, 0, 1, 1, E, 0, i, 1, minor, 0, E4
156, 0, 0, 0, 0, 1, 0, 0, 1, 0, 0, 0, 1, 1, E, 0, i, 1, minor, 0, E4
157, 0, 0, 0, 0, 1, 0, 0, 1, 0, 0, 0, 1, 1, E, 0, i, 1, minor, 0, E4
158, 0, 0, 0, 0, 1, 0, 0, 1, 0, 0, 0, 1, 1, E, 0, i, 1, minor, 0, E4
159, 0, 0, 0, 0, 1, 0, 0, 1, 0, 0, 0, 1, 1, E, 0, i, 1, minor, 0, E4
160, 0, 0, 0, 0, 1, 0, 0, 1, 0, 0, 0, 1, 1, E, 0, i, 1, minor, 0, E4
161, 0, 0, 0, 0, 1, 0, 0, 1, 0, 0, 0, 1, 1, E, 0, i, 1, minor, 0, E4
162, 0, 0, 0, 0, 1, 0, 0, 1, 0, 0, 0, 1, 1, E, 0, i, 1, minor, 0, E4
163, 0, 0, 0, 0, 1, 0, 0, 1, 0, 0, 0, 1, 1, E, 0, i, 1, minor, 0, E4
164, 0, 0, 0, 0, 1, 0, 0, 1, 0, 0, 0, 1, 1, E, 0, i, 1, minor, 0, E4
165, 0, 0, 0, 0, 1, 0, 0, 1, 0, 0, 0, 1, 1, E, 0, i, 1, minor, 0, E4
166, 0, 0, 0, 0, 1, 0, 0, 1, 0, 0, 0, 1, 1, E, 0, i, 1, minor, 0, E4
167, 0, 0, 0, 0, 1, 0, 0, 1, 0, 0, 0, 1, 1, E, 0, i, 1, minor, 0, E4
168, 1, 0, 0, 0, 1, 0, 0, 1, 0, 0, 0, 0, 1, C, 1, I64, 1, major, 2, C5
168, 1, 0, 0, 0, 1, 0, 0, 1, 0, 0, 0, 0, 1, C, 1, I64, 1, major, 2, C5
169, 1, 0, 0, 0, 1, 0, 0, 1, 0, 0, 0, 0, 1, C, 1, I64, 1, major, 2, C5
170, 1, 0, 0, 0, 1, 0, 0, 1, 0, 0, 0, 0, 1, C, 1, I64, 1, major, 2, C5
171, 1, 0, 0, 0, 1, 0, 0, 1, 0, 0, 0, 0, 1, C, 1, I64, 1, major, 2, C5
172, 0, 0, 1, 0, 0, 1, 0, 1, 0, 0, 0, 1, 1, C, 1, V65, 5, major, 1, G5
172, 0, 0, 1, 0, 0, 1, 0, 1, 0, 0, 0, 1, 1, C, 1, V65, 5, major, 1, G5
173, 0, 0, 1, 0, 0, 1, 0, 1, 0, 0, 0, 1, 1, C, 1, V65, 5, major, 1, G5
174, 0, 0, 1, 0, 0, 1, 0, 1, 0, 0, 0, 1, 1, C, 1, V65, 5, major, 1, G5
175, 1, 0, 0, 0, 1, 0, 0, 1, 0, 0, 0, 0, 1, C, 1, I, 1, major, 0, C4
176, 0, 0, 1, 0, 1, 0, 0, 0, 1, 0, 0, 1, 1, A, 0, V7, 5, major, 0, E5
176, 0, 0, 1, 0, 1, 0, 0, 0, 1, 0, 0, 1, 1, A, 0, V7, 5, major, 0, E5
177, 0, 0, 1, 0, 1, 0, 0, 0, 1, 0, 0, 1, 1, A, 0, V7, 5, major, 0, E5
178, 0, 0, 1, 0, 1, 0, 0, 0, 1, 0, 0, 1, 1, A, 0, V7, 5, major, 0, E5
179, 0, 0, 1, 0, 1, 0, 0, 0, 1, 0, 0, 1, 1, A, 0, V65, 5, major, 1, E6
179, 1, 0, 0, 0, 1, 0, 0, 0, 0, 1, 0, 0, 1, A, 0, i, 1, minor, 0, A4
180, 1, 0, 0, 0, 0, 1, 0, 0, 0, 1, 0, 0, 1, A, 0, VI, 6, major, 0, F5
180, 1, 0, 0, 0, 0, 1, 0, 0, 0, 1, 0, 0, 1, A, 0, VI, 6, major, 0, F5
181, 1, 0, 0, 0, 0, 1, 0, 0, 0, 1, 0, 0, 1, A, 0, VI, 6, major, 0, F5
182, 1, 0, 0, 0, 0, 1, 0, 0, 0, 1, 0, 0, 1, A, 0, VI, 6, major, 0, F5
183, 1, 0, 0, 1, 0, 1, 0, 0, 0, 1, 0, 0, 1, A, 0, Ger65, 4, other, 1, D#6
183, 1, 0, 0, 1, 0, 1, 0, 0, 0, 1, 0, 0, 1, A, 0, Ger65, 4, other, 1, D#6
184, 1, 0, 0, 1, 0, 0, 1, 0, 0, 1, 0, 0, 1, E, 0, viio65, 7, diminished, 1, D#5
184, 1, 0, 0, 1, 0, 0, 1, 0, 0, 1, 0, 0, 1, E, 0, viio65, 7, diminished, 1, D#5
185, 1, 0, 0, 1, 0, 0, 1, 0, 0, 1, 0, 0, 1, E, 0, viio65, 7, diminished, 1, D#5
186, 0, 0, 0, 1, 0, 0, 1, 0, 0, 1, 0, 1, 1, E, 0, V43, 5, major, 2, B4
186, 0, 0, 0, 1, 0, 0, 1, 0, 0, 1, 0, 1, 1, E, 0, V43, 5, major, 2, B4
187, 0, 0, 0, 1, 0, 0, 1, 0, 0, 1, 0, 1, 1, E, 0, V43, 5, major, 2, B4
188, 0, 0, 0, 0, 1, 0, 0, 1, 0, 0, 0, 1, 1, E, 0, i6, 1, minor, 1, E5
189, 0, 0, 0, 0, 1, 0, 0, 0, 1, 0, 0, 1, 2, A, 0, V6/iv, 5, major, 1, E6, E, 0, iv, 4, minor, 0, A4
190, 0, 0, 1, 0, 1, 0, 0, 0, 1, 0, 0, 1, 2, A, 0, V65/iv, 5, major, 1, E6, E, 0, iv, 4, minor, 0, A4
190, 1, 0, 0, 0, 0, 1, 0, 0, 0, 1, 0, 0, 1, E, 0, N6, 2, major, 1, F5
191, 1, 0, 0, 0, 0, 1, 0, 0, 0, 1, 0, 0, 1, E, 0, N6, 2, major, 1, F5
191, 0, 0, 1, 0, 0, 0, 0, 0, 1, 0, 0, 1, 2, A, 0, viio6/iv, 7, diminished, 1, G#5, E, 0, iv, 4, minor, 0, A4
192, 0, 0, 1, 0, 1, 0, 0, 0, 1, 0, 0, 1, 2, A, 0, V43/iv, 5, major, 2, E5, E, 0, iv, 4, minor, 0, A4
192, 1, 0, 0, 0, 1, 0, 0, 0, 0, 1, 0, 0, 1, E, 0, iv, 4, minor, 0, A4
193, 1, 0, 0, 0, 1, 0, 0, 0, 0, 1, 0, 0, 1, E, 0, iv, 4, minor, 0, A4
193, 0, 1, 0, 0, 1, 0, 0, 1, 0, 0, 1, 0, 2, B, 1, viio65/V, 7, diminished, 1, A#5, E, 0, V, 5, major, 0, B4
194, 0, 1, 0, 0, 1, 0, 1, 0, 0, 0, 1, 0, 2, B, 1, V7/V, 5, major, 0, F#5, E, 0, V, 5, major, 0, B4
195, 0, 1, 0, 0, 1, 0, 1, 0, 0, 0, 1, 0, 2, B, 1, V7/V, 5, major, 0, F#5, E, 0, V, 5, major, 0, B4
196, 0, 0, 0, 1, 0, 0, 1, 0, 0, 1, 0, 1, 1, E, 0, V7, 5, major, 0, B4
197, 0, 0, 0, 1, 0, 0, 1, 0, 0, 1, 0, 1, 1, E, 0, V7, 5, major, 0, B4
198, 0, 0, 0, 0, 1, 0, 0, 1, 0, 0, 0, 1, 1, E, 0, i, 1, minor, 0, E4
199, 0, 0, 0, 0, 1, 0, 0, 1, 0, 0, 0, 1, 1, E, 0, i, 1, minor, 0, E4
200, 0, 0, 0, 0, 1, 0, 0, 1, 0, 0, 0, 1, 1, E, 0, i, 1, minor, 0, E4
201, 0, 0, 0, 0, 1, 0, 0, 1, 0, 0, 0, 1, 1, E, 0, i, 1, minor, 0, E4
202, 1, 0, 0, 0, 1, 0, 0, 1, 0, 1, 0, 0, 1, E, 0, iv7, 4, minor, 0, A4
203, 0, 0, 0, 0, 1, 0, 0, 1, 0, 0, 0, 1, 1, E, 0, i64, 1, minor, 2, E5
204, 0, 0, 0, 1, 0, 0, 1, 0, 0, 1, 0, 1, 1, E, 0, V7, 5, major, 0, B4
204, 0, 0, 0, 0, 1, 0, 0, 1, 0, 0, 0, 1, 1, E, 0, i, 1, minor, 0, E4
205, 0, 0, 0, 0, 1, 0, 0, 1, 0, 0, 0, 1, 1, E, 0, i, 1, minor, 0, E4
206, 0, 0, 0, 0, 1, 0, 0, 1, 0, 0, 0, 1, 1, E, 0, i, 1, minor, 0, E4
207, 0, 0, 0, 0, 1, 0, 0, 1, 0, 0, 0, 1, 1, E, 0, i, 1, minor, 0, E4
208, 1, 0, 0, 0, 1, 0, 0, 1, 0, 1, 0, 0, 1, E, 0, iv7, 4, minor, 0, A4
209, 0, 0, 0, 0, 1, 0, 0, 1, 0, 0, 0, 1, 1, E, 0, i64, 1, minor, 2, E5
210, 0, 0, 0, 1, 0, 0, 1, 0, 0, 1, 0, 1, 1, E, 0, V7, 5, major, 0, B4
210, 0, 0, 0, 0, 1, 0, 0, 1, 0, 0, 0, 1, 1, E, 0, i, 1, minor, 0, E4
211, 1, 0, 0, 0, 1, 0, 0, 0, 0, 1, 0, 0, 1, E, 0, iv, 4, minor, 0, A4
212, 1, 0, 0, 0, 0, 1, 0, 0, 0, 1, 0, 0, 1, E, 0, N6, 2, major, 1, F5
213, 0, 0, 0, 1, 0, 0, 1, 0, 0, 1, 0, 1, 1, E, 0, V7, 5, major, 0, B4
214, 0, 0, 0, 0, 1, 0, 0, 1, 0, 0, 0, 1, 1, E, 0, i, 1, minor, 0, E4
215, 1, 0, 0, 0, 1, 0, 0, 0, 0, 1, 0, 0, 1, E, 0, iv, 4, minor, 0, A4
216, 1, 0, 0, 0, 0, 1, 0, 0, 0, 1, 0, 0, 1, E, 0, N6, 2, major, 1, F5
217, 0, 0, 0, 1, 0, 0, 1, 0, 0, 1, 0, 1, 1, E, 0, V7, 5, major, 0, B4
218, 0, 0, 0, 1, 0, 0, 1, 0, 0, 1, 0, 1, 1, E, 0, V7, 5, major, 0, B4
219, 0, 0, 0, 0, 1, 0, 0, 1, 0, 0, 0, 1, 1, E, 0, i, 1, minor, 0, E4
220, 0, 0, 0, 0, 1, 0, 0, 1, 0, 0, 0, 1, 1, E, 0, i, 1, minor, 0, E4
221, 0, 0, 0, 1, 0, 0, 1, 0, 0, 1, 0, 1, 1, E, 0, V7, 5, major, 0, B4
222, 0, 0, 0, 0, 1, 0, 0, 1, 0, 0, 0, 1, 1, E, 0, i, 1, minor, 0, E4
223, 0, 0, 0, 1, 0, 0, 1, 0, 0, 1, 0, 1, 1, E, 0, V7, 5, major, 0, B4
224, 0, 0, 0, 1, 0, 0, 1, 0, 0, 1, 0, 1, 1, E, 0, V7, 5, major, 0, B4
225, 0, 0, 0, 0, 1, 0, 0, 1, 0, 0, 0, 1, 1, E, 0, i, 1, minor, 0, E4
226, 0, 0, 0, 0, 1, 0, 0, 1, 0, 0, 0, 1, 1, E, 0, i, 1, minor, 0, E4
227, 0, 0, 0, 1, 0, 0, 1, 0, 0, 1, 0, 1, 1, E, 0, V7, 5, major, 0, B4
228, 0, 0, 0, 0, 1, 0, 0, 1, 0, 0, 0, 1, 1, E, 0, i, 1, minor, 0, E4
229, 0, 0, 0, 1, 0, 0, 1, 0, 0, 1, 0, 1, 1, E, 0, V7, 5, major, 0, B4
230, 0, 0, 0, 1, 0, 0, 1, 0, 0, 1, 0, 1, 1, E, 0, V7, 5, major, 0, B4
231, 0, 0, 0, 1, 0, 0, 1, 0, 0, 1, 0, 1, 1, E, 0, V7, 5, major, 0, B4
232, 0, 0, 0, 0, 1, 0, 0, 1, 0, 0, 0, 1, 1, E, 0, i, 1, minor, 0, E4
233, 0, 0, 1, 0, 0, 0, 1, 0, 0, 1, 0, 0, 2, G, 1, V/III, 5, major, 0, D5, E, 0, III, 3, major, 0, G4
234, 1, 0, 1, 0, 0, 0, 1, 0, 0, 1, 0, 0, 1, G, 1, V42, 5, major, 3, D5
235, 0, 0, 1, 0, 0, 0, 0, 1, 0, 0, 0, 1, 1, G, 1, I, 1, major, 0, G4
236, 0, 0, 1, 0, 0, 0, 0, 1, 0, 0, 0, 1, 1, G, 1, I, 1, major, 0, G4
237, 1, 0, 0, 1, 0, 0, 1, 0, 0, 1, 0, 0, 1, E, 0, viio7, 7, diminished, 0, D#5
238, 0, 0, 0, 0, 1, 0, 0, 1, 0, 0, 0, 1, 1, E, 0, i6, 1, minor, 1, E5
239, 0, 1, 0, 0, 1, 0, 1, 0, 0, 1, 0, 0, 1, E, 0, iihalfdim65, 2, minor, 1, F#5
240, 0, 1, 0, 0, 1, 0, 1, 0, 0, 0, 1, 0, 2, B, 1, V65/V, 5, major, 1, F#6, E, 0, V, 5, major, 0, B4
240, 0, 0, 0, 1, 0, 0, 1, 0, 0, 1, 0, 1, 1, E, 0, V7, 5, major, 0, B4
241, 1, 0, 0, 0, 1, 0, 0, 1, 0, 0, 0, 0, 1, E, 0, VI, 6, major, 0, C5
242, 0, 0, 0, 0, 1, 0, 0, 1, 0, 0, 0, 1, 1, E, 0, i6, 1, minor, 1, E5
243, 0, 0, 0, 0, 1, 0, 0, 0, 1, 0, 0, 1, 2, A, 0, V6/iv, 5, major, 1, E6, E, 0, iv, 4, minor, 0, A4
243, 0, 1, 0, 0, 1, 0, 1, 0, 0, 1, 0, 0, 1, E, 0, iihalfdim65, 2, minor, 1, F#5
244, 0, 1, 0, 0, 1, 0, 1, 0, 0, 0, 1, 0, 2, B, 1, V65/V, 5, major, 1, F#6, E, 0, V, 5, major, 0, B4
244, 0, 0, 0, 1, 0, 0, 1, 0, 0, 1, 0, 1, 1, E, 0, V7, 5, major, 0, B4
245, 0, 0, 0, 0, 1, 0, 0, 1, 0, 0, 0, 1, 1, E, 0, i, 1, minor, 0, E4
