1, 0, 0, 1, 0, 0, 1, 0, 0, 0, 0, 1, 0, 1, Bb, 1, I, 1, major, 0, Bb4
1, 0, 0, 1, 0, 0, 1, 0, 0, 0, 0, 1, 0, 1, Bb, 1, I, 1, major, 0, Bb4
2, 0, 0, 1, 0, 0, 1, 0, 0, 0, 0, 1, 0, 1, Bb, 1, I, 1, major, 0, Bb4
3, 0, 0, 1, 0, 0, 1, 0, 0, 0, 0, 1, 0, 1, Bb, 1, I, 1, major, 0, Bb4
4, 0, 0, 1, 0, 0, 1, 0, 0, 0, 0, 1, 0, 1, Bb, 1, I, 1, major, 0, Bb4
5, 0, 0, 1, 0, 0, 1, 0, 0, 0, 0, 1, 0, 1, Bb, 1, I, 1, major, 0, Bb4
5, 0, 0, 1, 0, 1, 0, 0, 1, 0, 0, 0, 1, 2, F, 1, viihalfdim7/V, 7, minor, 0, E5, Bb, 1, V, 5, major, 0, F5
5, 1, 0, 0, 0, 0, 1, 0, 0, 0, 1, 0, 0, 1, Bb, 1, V, 5, major, 0, F5
5, 0, 0, 1, 0, 0, 1, 0, 0, 1, 0, 0, 1, 2, C, 0, viio7/ii, 7, diminished, 0, B4, Bb, 1, ii, 2, minor, 0, C5
6, 1, 0, 0, 1, 0, 0, 0, 1, 0, 0, 0, 0, 1, Bb, 1, ii, 2, minor, 0, C5
6, 1, 0, 0, 1, 0, 0, 1, 0, 0, 1, 0, 0, 2, G, 0, viio7/vi, 7, diminished, 0, F#5, Bb, 1, vi, 6, minor, 0, G5
6, 0, 0, 1, 0, 0, 0, 0, 1, 0, 0, 1, 0, 1, Bb, 1, vi, 6, minor, 0, G5
6, 0, 0, 0, 1, 0, 0, 0, 1, 0, 0, 1, 0, 1, Bb, 1, IV, 4, major, 0, Eb5
7, 0, 0, 1, 0, 0, 1, 0, 0, 0, 0, 1, 0, 1, Bb, 1, I6, 1, major, 1, Bb5
7, 0, 1, 0, 0, 0, 1, 0, 0, 0, 0, 1, 0, 1, Bb, 1, i6, 1, minor, 1, Bb5
7, 1, 0, 0, 1, 0, 0, 0, 1, 0, 0, 0, 0, 1, Bb, 1, ii, 2, minor, 0, C5
7, 1, 0, 0, 0, 0, 1, 0, 0, 0, 1, 0, 0, 1, Bb, 1, V, 5, major, 0, F5
8, 0, 0, 1, 0, 0, 1, 0, 0, 0, 0, 1, 0, 1, Bb, 1, I, 1, major, 0, Bb4
8, 1, 0, 0, 1, 0, 0, 0, 1, 0, 0, 0, 0, 1, Bb, 1, ii6, 2, minor, 1, C6
8, 1, 0, 0, 0, 0, 1, 0, 0, 0, 1, 0, 0, 1, Bb, 1, V, 5, major, 0, F5
9, 1, 0, 0, 0, 0, 1, 0, 0, 0, 1, 0, 0, 1, Bb, 1, V, 5, major, 0, F5
10, 1, 0, 0, 0, 0, 1, 0, 0, 0, 1, 0, 0, 1, Bb, 1, V, 5, major, 0, F5
11, 1, 0, 0, 0, 0, 1, 0, 0, 0, 1, 0, 0, 1, Bb, 1, V, 5, major, 0, F5
12, 0, 0, 1, 0, 0, 1, 0, 0, 0, 0, 1, 0, 1, Bb, 1, I, 1, major, 0, Bb4
12, 0, 0, 0, 1, 0, 0, 1, 0, 0, 0, 1, 0, 1, Bb, 1, iv6, 4, minor, 1, Eb6
12, 1, 0, 0, 0, 0, 1, 0, 0, 0, 1, 0, 0, 1, Bb, 1, V, 5, major, 0, F5
12, 1, 0, 0, 1, 0, 1, 0, 0, 0, 1, 0, 0, 1, Bb, 1, V42, 5, major, 3, F5
13, 0, 0, 1, 0, 0, 1, 0, 0, 0, 0, 1, 0, 1, Bb, 1, I6, 1, major, 1, Bb5
13, 0, 1, 0, 0, 0, 1, 0, 0, 0, 0, 1, 0, 1, Bb, 1, i6, 1, minor, 1, Bb5
13, 1, 0, 0, 1, 0, 0, 0, 1, 0, 0, 0, 0, 1, Bb, 1, ii, 2, minor, 0, C5
13, 1, 0, 0, 1, 0, 1, 0, 0, 0, 1, 0, 0, 1, Bb, 1, V7, 5, major, 0, F5
14, 0, 0, 1, 0, 0, 1, 0, 0, 0, 0, 1, 0, 1, Bb, 1, I, 1, major, 0, Bb4
14, 0, 0, 0, 1, 0, 0, 1, 0, 0, 0, 1, 0, 1, Bb, 1, iv6, 4, minor, 1, Eb6
14, 1, 0, 0, 0, 0, 1, 0, 0, 0, 1, 0, 0, 1, Bb, 1, V, 5, major, 0, F5
14, 1, 0, 0, 1, 0, 1, 0, 0, 0, 1, 0, 0, 1, Bb, 1, V42, 5, major, 3, F5
15, 0, 0, 1, 0, 0, 1, 0, 0, 0, 0, 1, 0, 1, Bb, 1, I6, 1, major, 1, Bb5
15, 0, 1, 0, 0, 1, 0, 0, 1, 0, 0, 1, 0, 2, F, 1, viio42/V, 7, diminished, 3, E5, Bb, 1, V, 5, major, 0, F5
15, 1, 0, 0, 1, 0, 0, 0, 0, 1, 0, 0, 0, 1, Bb, 1, bVII6, 7, major, 1, Ab5
15, 1, 0, 0, 1, 0, 0, 1, 0, 0, 1, 0, 0, 2, G, 0, viio7/vi, 7, diminished, 0, F#5, Bb, 1, vi, 6, minor, 0, G5
16, 0, 0, 1, 0, 0, 0, 0, 1, 0, 0, 1, 0, 1, Bb, 1, vi, 6, minor, 0, G5
16, 0, 0, 0, 1, 0, 0, 0, 1, 0, 0, 1, 0, 1, Bb, 1, IV, 4, major, 0, Eb5
16, 0, 0, 1, 0, 0, 1, 0, 0, 0, 0, 1, 0, 1, Bb, 1, I64, 1, major, 2, Bb5
16, 1, 0, 0, 0, 0, 1, 0, 0, 0, 1, 0, 0, 1, Bb, 1, V, 5, major, 0, F5
17, 0, 0, 1, 0, 0, 1, 0, 0, 0, 0, 1, 0, 1, Bb, 1, I, 1, major, 0, Bb4
17, 0, 0, 1, 0, 0, 1, 0, 0, 0, 0, 1, 0, 1, Bb, 1, I6, 1, major, 1, Bb5
18, 0, 0, 1, 0, 0, 1, 0, 0, 0, 0, 1, 0, 1, Bb, 1, I64, 1, major, 2, Bb5
18, 0, 0, 1, 0, 0, 1, 0, 0, 0, 0, 1, 0, 1, Bb, 1, I6, 1, major, 1, Bb5
18, 0, 0, 1, 0, 0, 1, 0, 0, 0, 0, 1, 0, 1, Bb, 1, I64, 1, major, 2, Bb5
18, 1, 0, 0, 1, 0, 0, 0, 1, 0, 0, 1, 0, 1, Bb, 1, ii65, 2, minor, 1, C6
19, 0, 0, 0, 1, 0, 0, 0, 1, 0, 0, 1, 0, 1, Bb, 1, IV6, 4, major, 1, Eb6
19, 1, 0, 0, 1, 0, 0, 0, 1, 0, 0, 1, 0, 1, Bb, 1, ii65, 2, minor, 1, C6
20, 0, 0, 0, 1, 0, 0, 0, 1, 0, 0, 1, 0, 1, Bb, 1, IV6, 4, major, 1, Eb6
20, 0, 1, 0, 0, 1, 0, 0, 1, 0, 0, 1, 0, 2, D, 0, viio65/iii, 7, diminished, 1, C#5, Bb, 1, iii, 3, minor, 0, D5
20, 0, 0, 0, 1, 0, 0, 1, 0, 0, 0, 1, 0, 1, Bb, 1, iv6, 4, minor, 1, Eb6
20, 0, 0, 1, 0, 0, 1, 0, 0, 0, 0, 1, 0, 1, Bb, 1, I64, 1, major, 2, Bb5
21, 0, 0, 1, 0, 0, 1, 0, 0, 1, 0, 1, 0, 2, Eb, 1, V7/IV, 5, major, 0, Bb4, Bb, 1, IV, 4, major, 0, Eb5
21, 0, 0, 1, 0, 0, 1, 0, 0, 0, 0, 1, 0, 1, Bb, 1, I64, 1, major, 2, Bb5
22, 0, 0, 1, 0, 0, 1, 0, 0, 1, 0, 1, 0, 2, Eb, 1, V42/IV, 5, major, 3, Bb4, Bb, 1, IV, 4, major, 0, Eb5
22, 0, 0, 1, 0, 0, 0, 1, 0, 0, 0, 1, 0, 1, Bb, 1, I+64, 1, augmented, 2, Bb5
22, 0, 0, 1, 0, 0, 1, 0, 0, 1, 0, 1, 0, 2, Eb, 1, V42/IV, 5, major, 3, Bb4, Bb, 1, IV, 4, major, 0, Eb5
22, 0, 0, 0, 1, 0, 0, 0, 1, 0, 0, 1, 0, 1, Bb, 1, IV6, 4, major, 1, Eb6
23, 0, 0, 0, 1, 0, 0, 0, 1, 0, 0, 1, 0, 1, Bb, 1, IV64, 4, major, 2, Eb5
23, 0, 0, 0, 1, 0, 0, 0, 1, 0, 0, 1, 0, 1, Bb, 1, IV6, 4, major, 1, Eb6
24, 0, 0, 0, 1, 0, 0, 0, 1, 0, 0, 1, 0, 1, Bb, 1, IV64, 4, major, 2, Eb5
24, 0, 1, 0, 0, 1, 0, 0, 1, 0, 0, 1, 0, 2, D, 0, viio42/iii, 7, diminished, 3, C#5, Bb, 1, iii, 3, minor, 0, D5
24, 0, 0, 0, 1, 0, 0, 1, 0, 0, 0, 1, 0, 1, Bb, 1, iv6, 4, minor, 1, Eb6
24, 0, 0, 1, 0, 0, 1, 0, 0, 0, 0, 1, 0, 1, Bb, 1, I, 1, major, 0, Bb4
25, 0, 0, 1, 0, 0, 1, 0, 0, 1, 0, 1, 0, 2, Eb, 1, V7/IV, 5, major, 0, Bb4, Bb, 1, IV, 4, major, 0, Eb5
25, 0, 0, 1, 0, 0, 0, 1, 0, 0, 0, 1, 0, 1, Bb, 1, I+, 1, augmented, 0, Bb4
25, 0, 0, 1, 0, 0, 1, 0, 0, 1, 0, 1, 0, 2, Eb, 1, V7/IV, 5, major, 0, Bb4, Bb, 1, IV, 4, major, 0, Eb5
25, 0, 0, 0, 1, 0, 0, 0, 1, 0, 0, 1, 0, 1, Bb, 1, IV64, 4, major, 2, Eb5
26, 1, 0, 0, 1, 0, 0, 0, 1, 0, 0, 1, 0, 1, Bb, 1, ii42, 2, minor, 3, C5
26, 1, 0, 0, 1, 0, 0, 0, 0, 1, 0, 0, 0, 1, Bb, 1, bVII6, 7, major, 1, Ab5
26, 1, 0, 0, 1, 0, 0, 0, 1, 0, 0, 1, 0, 1, Bb, 1, ii42, 2, minor, 3, C5
26, 1, 0, 0, 1, 0, 0, 0, 0, 0, 1, 0, 0, 1, Bb, 1, viio, 7, diminished, 0, A5
27, 1, 0, 0, 1, 0, 0, 0, 1, 0, 0, 1, 0, 1, Bb, 1, ii7, 2, minor, 0, C5
28, 1, 0, 0, 1, 0, 0, 0, 1, 0, 0, 1, 0, 1, Bb, 1, ii7, 2, minor, 0, C5
29, 1, 0, 0, 1, 0, 0, 0, 1, 0, 0, 1, 0, 1, Bb, 1, ii7, 2, minor, 0, C5
30, 1, 0, 0, 1, 0, 0, 0, 1, 0, 0, 1, 0, 1, Bb, 1, ii7, 2, minor, 0, C5
31, 1, 0, 0, 0, 0, 1, 0, 0, 0, 1, 0, 0, 1, Bb, 1, V, 5, major, 0, F5
32, 1, 0, 0, 0, 0, 1, 0, 0, 0, 1, 0, 0, 1, Bb, 1, V, 5, major, 0, F5
33, 1, 0, 0, 0, 0, 1, 0, 0, 0, 1, 0, 0, 1, Bb, 1, V, 5, major, 0, F5
34, 1, 0, 0, 0, 0, 1, 0, 0, 0, 1, 0, 0, 1, Bb, 1, V, 5, major, 0, F5
35, 0, 0, 1, 0, 0, 1, 0, 0, 0, 0, 1, 0, 1, Bb, 1, I, 1, major, 0, Bb4
36, 0, 0, 1, 0, 0, 1, 0, 0, 0, 0, 1, 0, 1, Bb, 1, I, 1, major, 0, Bb4
37, 0, 0, 1, 0, 0, 1, 0, 0, 0, 0, 1, 0, 1, Bb, 1, I, 1, major, 0, Bb4
37, 0, 0, 1, 0, 0, 0, 1, 0, 0, 1, 0, 0, 1, G, 1, V, 5, major, 0, D5
38, 0, 0, 1, 0, 0, 0, 1, 0, 0, 1, 0, 0, 1, G, 1, V, 5, major, 0, D5
39, 0, 0, 1, 0, 0, 0, 1, 0, 0, 1, 0, 0, 1, G, 1, V, 5, major, 0, D5
40, 0, 0, 1, 0, 0, 0, 1, 0, 0, 1, 0, 0, 1, G, 1, V, 5, major, 0, D5
41, 1, 0, 1, 0, 0, 0, 1, 0, 0, 1, 0, 0, 1, G, 1, V7, 5, major, 0, D5
42, 1, 0, 1, 0, 0, 0, 1, 0, 0, 1, 0, 0, 1, G, 1, V7, 5, major, 0, D5
43, 1, 0, 1, 0, 0, 0, 1, 0, 0, 1, 0, 0, 1, G, 1, V7, 5, major, 0, D5
44, 1, 0, 1, 0, 0, 0, 1, 0, 0, 1, 0, 0, 1, G, 1, V7, 5, major, 0, D5
45, 1, 0, 1, 0, 0, 0, 1, 0, 0, 1, 0, 0, 1, G, 1, V7, 5, major, 0, D5
45, 1, 0, 0, 1, 0, 0, 0, 0, 0, 1, 0, 0, 1, G, 1, iio64, 2, diminished, 2, A5
46, 1, 0, 1, 0, 0, 0, 1, 0, 0, 1, 0, 0, 1, G, 1, V65, 5, major, 1, D6
46, 1, 0, 0, 1, 0, 0, 0, 0, 0, 1, 0, 0, 1, G, 1, iio64, 2, diminished, 2, A5
47, 1, 0, 1, 0, 0, 0, 1, 0, 0, 1, 0, 0, 1, G, 1, V7, 5, major, 0, D5
48, 1, 0, 1, 0, 0, 0, 1, 0, 0, 1, 0, 0, 1, G, 1, V7, 5, major, 0, D5
49, 1, 0, 1, 0, 0, 0, 1, 0, 0, 1, 0, 0, 1, G, 1, V7, 5, major, 0, D5
50, 1, 0, 1, 0, 0, 0, 1, 0, 0, 1, 0, 0, 1, G, 1, V7, 5, major, 0, D5
51, 0, 0, 1, 0, 0, 0, 0, 1, 0, 0, 0, 1, 1, G, 1, I64, 1, major, 2, G5
52, 0, 0, 1, 0, 0, 0, 0, 1, 0, 0, 0, 1, 1, G, 1, I64, 1, major, 2, G5
53, 0, 0, 1, 0, 0, 0, 0, 1, 0, 0, 0, 1, 1, G, 1, I64, 1, major, 2, G5
54, 0, 0, 1, 0, 0, 0, 0, 1, 0, 0, 0, 1, 1, G, 1, I64, 1, major, 2, G5
55, 1, 0, 1, 0, 0, 0, 1, 0, 0, 1, 0, 0, 1, G, 1, V7, 5, major, 0, D5
56, 1, 0, 1, 0, 0, 0, 1, 0, 0, 1, 0, 0, 1, G, 1, V7, 5, major, 0, D5
57, 1, 0, 1, 0, 0, 0, 1, 0, 0, 1, 0, 0, 1, G, 1, V7, 5, major, 0, D5
58, 1, 0, 1, 0, 0, 0, 1, 0, 0, 1, 0, 0, 1, G, 1, V7, 5, major, 0, D5
59, 0, 0, 1, 0, 0, 0, 0, 1, 0, 0, 0, 1, 1, G, 1, I64, 1, major, 2, G5
60, 0, 0, 1, 0, 0, 0, 0, 1, 0, 0, 0, 1, 1, G, 1, I64, 1, major, 2, G5
61, 0, 0, 1, 0, 0, 0, 0, 1, 0, 0, 0, 1, 1, G, 1, I64, 1, major, 2, G5
62, 0, 0, 1, 0, 0, 0, 0, 1, 0, 0, 0, 1, 1, G, 1, I64, 1, major, 2, G5
62, 1, 0, 0, 0, 1, 0, 0, 1, 0, 0, 0, 0, 1, G, 1, IV, 4, major, 0, C5
62, 1, 0, 1, 0, 0, 0, 1, 0, 0, 1, 0, 0, 1, G, 1, V42, 5, major, 3, D5
63, 1, 0, 1, 0, 0, 0, 1, 0, 0, 1, 0, 0, 1, G, 1, V42, 5, major, 3, D5
63, 1, 0, 0, 0, 1, 0, 0, 1, 0, 0, 0, 0, 1, G, 1, IV, 4, major, 0, C5
64, 0, 0, 1, 0, 0, 0, 1, 0, 0, 1, 0, 0, 1, G, 1, V, 5, major, 0, D5
64, 0, 0, 1, 0, 0, 0, 0, 1, 0, 0, 0, 1, 1, G, 1, I, 1, major, 0, G4
65, 0, 0, 1, 0, 1, 0, 0, 1, 0, 0, 0, 1, 1, D, 1, ii65, 2, minor, 1, E5
65, 0, 0, 1, 0, 0, 0, 1, 0, 0, 1, 0, 0, 1, D, 1, I64, 1, major, 2, D5
65, 0, 1, 0, 0, 1, 0, 0, 1, 0, 1, 0, 0, 1, D, 1, V7, 5, major, 0, A4
66, 0, 0, 1, 0, 0, 0, 1, 0, 0, 1, 0, 0, 1, D, 1, I, 1, major, 0, D4
66, 1, 0, 1, 0, 0, 0, 1, 0, 0, 1, 0, 0, 1, G, 1, V65, 5, major, 1, D6
67, 0, 0, 1, 0, 0, 0, 0, 1, 0, 0, 0, 1, 1, G, 1, I, 1, major, 0, G4
67, 1, 0, 0, 0, 1, 0, 0, 1, 0, 0, 0, 0, 1, G, 1, IV, 4, major, 0, C5
67, 1, 0, 0, 0, 1, 0, 0, 0, 0, 1, 0, 0, 1, G, 1, ii, 2, minor, 0, A4
68, 0, 0, 1, 0, 0, 0, 1, 0, 0, 1, 0, 0, 1, G, 1, V6, 5, major, 1, D6
68, 0, 0, 1, 0, 0, 0, 0, 1, 0, 0, 0, 1, 1, G, 1, I, 1, major, 0, G4
69, 0, 0, 0, 0, 1, 0, 0, 1, 0, 0, 0, 1, 1, E, 0, i, 1, minor, 0, E4
69, 1, 0, 0, 0, 1, 0, 0, 1, 0, 0, 0, 0, 1, E, 0, VI6, 6, major, 1, C5
69, 1, 0, 0, 0, 1, 0, 0, 1, 0, 1, 0, 0, 1, E, 0, iv43, 4, minor, 2, A4
69, 0, 0, 0, 1, 0, 0, 1, 0, 0, 0, 0, 1, 1, E, 0, V6, 5, major, 1, B5
70, 0, 0, 0, 1, 0, 0, 1, 0, 0, 0, 0, 1, 1, E, 0, V6, 5, major, 1, B5
70, 0, 0, 0, 1, 0, 0, 1, 0, 0, 1, 0, 1, 1, E, 0, V7, 5, major, 0, B4
70, 0, 0, 0, 0, 1, 0, 0, 1, 0, 0, 0, 1, 1, E, 0, i, 1, minor, 0, E4
70, 0, 1, 0, 0, 1, 0, 0, 1, 0, 0, 1, 0, 1, D, 0, viio7, 7, diminished, 0, C#5
71, 0, 1, 0, 0, 1, 0, 0, 1, 0, 1, 0, 0, 1, D, 0, V7, 5, major, 0, A4
71, 0, 0, 1, 0, 0, 1, 0, 0, 0, 1, 0, 0, 1, D, 0, i, 1, minor, 0, D4
71, 0, 0, 1, 0, 0, 1, 0, 0, 1, 0, 0, 1, 1, C, 1, viio7, 7, diminished, 0, B4
72, 0, 0, 1, 0, 0, 1, 0, 1, 0, 0, 0, 1, 1, C, 1, V7, 5, major, 0, G4
72, 1, 0, 0, 0, 1, 0, 0, 1, 0, 0, 0, 0, 1, C, 1, I, 1, major, 0, C4
72, 0, 1, 0, 0, 1, 0, 0, 1, 0, 0, 1, 0, 1, B, 0, viio7, 7, diminished, 0, A#5
73, 0, 1, 0, 0, 1, 0, 1, 0, 0, 0, 1, 0, 1, B, 0, V7, 5, major, 0, F#5
73, 0, 0, 1, 0, 0, 0, 1, 0, 0, 0, 0, 1, 1, B, 0, i, 1, minor, 0, B4
73, 0, 0, 1, 0, 0, 1, 0, 0, 1, 0, 0, 1, 1, A, 1, viio7, 7, diminished, 0, G#5
74, 0, 0, 1, 0, 1, 0, 0, 0, 1, 0, 0, 1, 1, A, 1, V65, 5, major, 1, E6
74, 0, 1, 0, 0, 1, 0, 0, 0, 0, 1, 0, 0, 1, A, 1, I, 1, major, 0, A4
74, 1, 0, 1, 0, 0, 0, 1, 0, 0, 1, 0, 0, 1, G, 1, V65, 5, major, 1, D6
74, 0, 0, 1, 0, 0, 0, 0, 1, 0, 0, 0, 1, 1, G, 1, I, 1, major, 0, G4
75, 1, 0, 1, 0, 0, 0, 1, 0, 0, 1, 0, 0, 1, G, 1, V43, 5, major, 2, D5
76, 1, 0, 1, 0, 0, 0, 1, 0, 0, 1, 0, 0, 1, G, 1, V43, 5, major, 2, D5
76, 0, 0, 1, 0, 0, 0, 0, 1, 0, 0, 0, 1, 1, G, 1, I6, 1, major, 1, G5
77, 1, 0, 1, 0, 0, 0, 1, 0, 0, 1, 0, 0, 1, G, 1, V43, 5, major, 2, D5
78, 1, 0, 1, 0, 0, 0, 1, 0, 0, 1, 0, 0, 1, G, 1, V43, 5, major, 2, D5
78, 0, 0, 1, 0, 0, 0, 0, 1, 0, 0, 0, 1, 1, G, 1, I6, 1, major, 1, G5
79, 0, 0, 1, 0, 0, 0, 0, 1, 0, 0, 0, 1, 1, G, 1, I6, 1, major, 1, G5
79, 0, 0, 0, 0, 1, 0, 0, 1, 0, 0, 0, 1, 1, G, 1, vi, 6, minor, 0, E5
80, 0, 1, 0, 0, 1, 0, 0, 1, 0, 0, 1, 0, 2, D, 1, viio7/V, 7, diminished, 0, C#5, G, 1, V, 5, major, 0, D5
80, 0, 0, 1, 0, 0, 0, 1, 0, 0, 1, 0, 0, 1, G, 1, V, 5, major, 0, D5
81, 1, 0, 1, 0, 0, 0, 1, 0, 0, 1, 0, 0, 1, G, 1, V43, 5, major, 2, D5
82, 1, 0, 1, 0, 0, 0, 1, 0, 0, 1, 0, 0, 1, G, 1, V43, 5, major, 2, D5
82, 0, 0, 1, 0, 0, 0, 0, 1, 0, 0, 0, 1, 1, G, 1, I6, 1, major, 1, G5
83, 1, 0, 1, 0, 0, 0, 1, 0, 0, 1, 0, 0, 1, G, 1, V43, 5, major, 2, D5
84, 1, 0, 1, 0, 0, 0, 1, 0, 0, 1, 0, 0, 1, G, 1, V43, 5, major, 2, D5
84, 0, 0, 1, 0, 0, 0, 0, 1, 0, 0, 0, 1, 1, G, 1, I6, 1, major, 1, G5
85, 0, 0, 1, 0, 0, 0, 0, 1, 0, 0, 0, 1, 1, G, 1, I6, 1, major, 1, G5
85, 0, 0, 0, 0, 1, 0, 0, 1, 0, 0, 0, 1, 1, G, 1, vi, 6, minor, 0, E5
86, 0, 1, 0, 0, 1, 0, 0, 1, 0, 0, 1, 0, 2, D, 1, viio7/V, 7, diminished, 0, C#5, G, 1, V, 5, major, 0, D5
86, 0, 0, 1, 0, 0, 0, 1, 0, 0, 1, 0, 0, 2, G, 1, V/V, 5, major, 0, D5, C, 1, V, 5, major, 0, G4
86, 1, 0, 0, 1, 0, 0, 0, 1, 0, 0, 0, 0, 1, C, 1, i6, 1, minor, 1, C5
87, 1, 0, 0, 0, 1, 0, 0, 1, 0, 0, 0, 0, 1, C, 1, I6, 1, major, 1, C5
87, 1, 0, 0, 0, 1, 0, 0, 0, 0, 1, 0, 0, 1, C, 1, vi, 6, minor, 0, A4
88, 1, 0, 0, 1, 0, 0, 1, 0, 0, 1, 0, 0, 2, G, 1, viio7/V, 7, diminished, 0, F#5, C, 1, V, 5, major, 0, G4
88, 0, 0, 1, 0, 0, 0, 0, 1, 0, 0, 0, 1, 2, C, 1, V/V, 5, major, 0, G4, F, 1, V, 5, major, 0, C5
88, 1, 0, 0, 0, 0, 1, 0, 0, 1, 0, 0, 0, 1, F, 1, i6, 1, minor, 1, F5
89, 1, 0, 0, 0, 0, 1, 0, 0, 0, 1, 0, 0, 1, F, 1, I6, 1, major, 1, F5
89, 0, 1, 0, 0, 0, 1, 0, 0, 1, 0, 0, 0, 1, C, 1, bII, 2, major, 0, Db4
90, 0, 0, 1, 0, 0, 1, 0, 0, 1, 0, 0, 1, 1, C, 1, viio7, 7, diminished, 0, B4
90, 1, 0, 0, 0, 1, 0, 0, 1, 0, 0, 0, 0, 1, C, 1, I, 1, major, 0, C4
91, 1, 0, 0, 0, 1, 0, 0, 1, 0, 0, 0, 0, 1, C, 1, I, 1, major, 0, C4
91, 0, 0, 1, 0, 0, 1, 0, 1, 0, 0, 0, 1, 1, C, 1, V7, 5, major, 0, G4
92, 1, 0, 0, 0, 1, 0, 0, 1, 0, 0, 0, 0, 1, C, 1, I, 1, major, 0, C4
92, 0, 0, 1, 0, 0, 1, 0, 1, 0, 0, 0, 1, 1, C, 1, V7, 5, major, 0, G4
93, 1, 0, 0, 0, 1, 0, 0, 1, 0, 0, 0, 0, 1, C, 1, I, 1, major, 0, C4
93, 0, 0, 1, 0, 0, 1, 0, 1, 0, 0, 0, 1, 1, C, 1, V7, 5, major, 0, G4
94, 1, 0, 0, 0, 1, 0, 0, 1, 0, 0, 0, 0, 1, C, 1, I, 1, major, 0, C4
94, 0, 1, 0, 0, 1, 0, 0, 1, 0, 1, 0, 0, 2, D, 1, V65/V, 5, major, 1, A5, G, 1, V, 5, major, 0, D5
94, 0, 1, 0, 0, 1, 0, 0, 1, 0, 1, 0, 0, 2, D, 1, V7/V, 5, major, 0, A4, G, 1, V, 5, major, 0, D5
95, 0, 1, 0, 0, 1, 0, 0, 1, 0, 1, 0, 0, 2, D, 1, V7/V, 5, major, 0, A4, G, 1, V, 5, major, 0, D5
95, 0, 0, 1, 0, 0, 0, 0, 1, 0, 0, 0, 1, 1, G, 1, I64, 1, major, 2, G5
95, 0, 1, 0, 0, 1, 0, 0, 1, 0, 1, 0, 0, 2, D, 1, V43/V, 5, major, 2, A4, G, 1, V, 5, major, 0, D5
96, 0, 0, 1, 0, 0, 0, 0, 1, 0, 0, 0, 1, 1, G, 1, I64, 1, major, 2, G5
97, 0, 0, 1, 0, 0, 0, 0, 1, 0, 0, 0, 1, 1, G, 1, I64, 1, major, 2, G5
98, 0, 0, 1, 0, 0, 0, 0, 1, 0, 0, 0, 1, 1, G, 1, I64, 1, major, 2, G5
99, 0, 0, 1, 0, 0, 0, 0, 1, 0, 0, 0, 1, 1, G, 1, I64, 1, major, 2, G5
99, 1, 0, 1, 0, 0, 0, 1, 0, 0, 1, 0, 0, 1, G, 1, V7, 5, major, 0, D5
100, 0, 0, 1, 0, 0, 0, 0, 1, 0, 0, 0, 1, 1, G, 1, I, 1, major, 0, G4
101, 1, 0, 0, 1, 0, 0, 0, 1, 0, 0, 0, 0, 1, C, 0, i6, 1, minor, 1, C5
101, 1, 0, 0, 1, 0, 0, 0, 1, 0, 0, 0, 0, 1, C, 0, i, 1, minor, 0, C4
102, 0, 0, 1, 0, 0, 0, 0, 1, 0, 0, 0, 1, 1, C, 0, V6, 5, major, 1, G5
102, 0, 0, 1, 0, 0, 0, 0, 1, 0, 0, 0, 1, 1, C, 0, V, 5, major, 0, G4
103, 1, 0, 0, 1, 0, 0, 0, 1, 0, 0, 0, 0, 1, C, 0, i, 1, minor, 0, C4
103, 1, 0, 0, 1, 0, 0, 0, 1, 0, 0, 0, 0, 1, C, 0, i6, 1, minor, 1, C5
104, 0, 0, 1, 0, 0, 0, 0, 1, 0, 0, 1, 0, 1, G, 1, i64, 1, minor, 2, G5
104, 0, 0, 1, 0, 0, 0, 0, 1, 0, 0, 0, 1, 1, G, 1, I64, 1, major, 2, G5
105, 1, 0, 1, 0, 0, 0, 1, 0, 0, 1, 0, 0, 1, G, 1, V7, 5, major, 0, D5
106, 0, 0, 1, 0, 0, 0, 0, 1, 0, 0, 0, 1, 1, G, 1, I, 1, major, 0, G4
107, 1, 0, 0, 0, 1, 0, 0, 1, 0, 0, 0, 0, 1, C, 1, I6, 1, major, 1, C5
107, 1, 0, 0, 0, 1, 0, 0, 1, 0, 0, 0, 0, 1, C, 1, I, 1, major, 0, C4
108, 0, 0, 1, 0, 0, 0, 0, 1, 0, 0, 0, 1, 1, C, 1, V6, 5, major, 1, G5
108, 0, 0, 1, 0, 0, 0, 0, 1, 0, 0, 0, 1, 1, C, 1, V, 5, major, 0, G4
109, 1, 0, 0, 0, 1, 0, 0, 1, 0, 0, 0, 0, 1, C, 1, I, 1, major, 0, C4
109, 1, 0, 0, 0, 1, 0, 0, 1, 0, 0, 0, 0, 1, C, 1, I6, 1, major, 1, C5
110, 0, 0, 1, 0, 0, 0, 0, 1, 0, 0, 0, 1, 1, G, 1, I64, 1, major, 2, G5
111, 1, 0, 1, 0, 0, 0, 1, 0, 0, 1, 0, 0, 1, G, 1, V7, 5, major, 0, D5
112, 0, 0, 1, 0, 0, 1, 0, 1, 0, 0, 0, 1, 2, C, 1, V7/IV, 5, major, 0, G4, G, 1, IV, 4, major, 0, C5
112, 1, 0, 1, 0, 0, 0, 1, 0, 0, 1, 0, 0, 1, G, 1, V42, 5, major, 3, D5
113, 0, 0, 1, 0, 0, 1, 0, 1, 0, 0, 0, 1, 2, C, 1, V7/IV, 5, major, 0, G4, G, 1, IV, 4, major, 0, C5
113, 1, 0, 1, 0, 0, 0, 1, 0, 0, 1, 0, 0, 1, G, 1, V42, 5, major, 3, D5
113, 0, 0, 1, 0, 0, 1, 0, 1, 0, 0, 0, 1, 2, C, 1, V7/IV, 5, major, 0, G4, G, 1, IV, 4, major, 0, C5
113, 0, 0, 1, 0, 1, 0, 0, 0, 1, 0, 0, 1, 2, A, 0, V65/ii, 5, major, 1, E6, G, 1, ii, 2, minor, 0, A4
114, 1, 0, 0, 0, 1, 0, 0, 0, 0, 1, 0, 0, 1, G, 1, ii, 2, minor, 0, A4
114, 0, 0, 1, 0, 1, 0, 0, 0, 1, 0, 0, 1, 2, A, 0, V65/ii, 5, major, 1, E6, G, 1, ii, 2, minor, 0, A4
114, 1, 0, 0, 0, 1, 0, 0, 0, 0, 1, 0, 0, 1, G, 1, ii, 2, minor, 0, A4
114, 1, 0, 0, 0, 1, 0, 0, 0, 0, 1, 0, 0, 1, G, 1, ii6, 2, minor, 1, A5
115, 0, 1, 0, 0, 1, 0, 0, 1, 0, 1, 0, 0, 2, D, 1, V65/V, 5, major, 1, A5, G, 1, V, 5, major, 0, D5
115, 1, 0, 1, 0, 0, 0, 1, 0, 0, 1, 0, 0, 1, G, 1, V7, 5, major, 0, D5
116, 0, 0, 1, 0, 0, 0, 0, 1, 0, 0, 0, 1, 1, G, 1, I64, 1, major, 2, G5
116, 1, 0, 1, 0, 0, 0, 1, 0, 0, 1, 0, 0, 1, G, 1, V7, 5, major, 0, D5
117, 0, 0, 1, 0, 0, 0, 0, 1, 0, 0, 0, 1, 1, G, 1, I64, 1, major, 2, G5
117, 1, 0, 1, 0, 0, 0, 1, 0, 0, 1, 0, 0, 1, G, 1, V7, 5, major, 0, D5
118, 0, 0, 1, 0, 0, 0, 0, 1, 0, 0, 0, 1, 1, G, 1, I64, 1, major, 2, G5
118, 0, 0, 1, 0, 0, 0, 1, 0, 0, 1, 0, 0, 1, G, 1, V, 5, major, 0, D5
119, 0, 0, 1, 0, 0, 0, 0, 1, 0, 0, 0, 1, 1, G, 1, I64, 1, major, 2, G5
119, 0, 0, 1, 0, 0, 0, 1, 0, 0, 1, 0, 0, 1, G, 1, V, 5, major, 0, D5
120, 0, 0, 1, 0, 0, 0, 0, 1, 0, 0, 0, 1, 1, G, 1, I, 1, major, 0, G4
121, 0, 0, 1, 0, 0, 1, 0, 0, 0, 0, 1, 0, 1, Bb, 1, I, 1, major, 0, Bb4
122, 0, 0, 1, 0, 0, 1, 0, 0, 0, 0, 1, 0, 1, Bb, 1, I, 1, major, 0, Bb4
123, 0, 0, 1, 0, 0, 1, 0, 0, 0, 0, 1, 0, 1, Bb, 1, I, 1, major, 0, Bb4
124, 0, 0, 1, 0, 0, 1, 0, 0, 0, 0, 1, 0, 1, Bb, 1, I, 1, major, 0, Bb4
125, 0, 0, 1, 0, 0, 1, 0, 0, 0, 0, 1, 0, 1, Bb, 1, I, 1, major, 0, Bb4
126, 0, 0, 1, 0, 0, 0, 0, 1, 0, 0, 0, 1, 1, G, 1, I, 1, major, 0, G4
127, 0, 0, 1, 0, 0, 0, 0, 1, 0, 0, 0, 1, 1, G, 1, I, 1, major, 0, G4
128, 0, 0, 1, 0, 0, 0, 0, 1, 0, 0, 0, 1, 1, G, 1, I, 1, major, 0, G4
129, 0, 0, 1, 0, 0, 0, 0, 1, 0, 0, 0, 1, 1, G, 1, I, 1, major, 0, G4
130, 0, 0, 1, 0, 0, 0, 0, 1, 0, 0, 0, 1, 1, C, 0, V, 5, major, 0, G4
130, 1, 0, 0, 1, 0, 0, 0, 1, 0, 0, 0, 0, 1, C, 0, i, 1, minor, 0, C4
131, 0, 0, 1, 0, 0, 1, 0, 1, 0, 0, 0, 1, 1, C, 0, V7, 5, major, 0, G4
131, 1, 0, 0, 1, 0, 0, 0, 1, 0, 0, 0, 0, 1, C, 0, i, 1, minor, 0, C4
131, 0, 0, 1, 0, 0, 1, 0, 1, 0, 0, 0, 1, 1, C, 0, V7, 5, major, 0, G4
132, 1, 0, 0, 1, 0, 0, 0, 1, 0, 0, 0, 0, 1, C, 0, i, 1, minor, 0, C4
132, 0, 0, 1, 0, 0, 1, 0, 1, 0, 0, 0, 1, 1, C, 0, V7, 5, major, 0, G4
133, 1, 0, 0, 1, 0, 0, 0, 1, 0, 0, 0, 0, 1, C, 0, i, 1, minor, 0, C4
133, 0, 0, 1, 0, 0, 1, 0, 1, 0, 0, 0, 1, 1, C, 0, V7, 5, major, 0, G4
133, 1, 0, 0, 1, 0, 0, 0, 1, 0, 0, 0, 0, 1, C, 0, i, 1, minor, 0, C4
134, 0, 0, 1, 0, 0, 1, 0, 0, 1, 0, 1, 0, 1, Eb, 1, V7, 5, major, 0, Bb4
134, 0, 0, 0, 1, 0, 0, 0, 1, 0, 0, 1, 0, 1, Eb, 1, I, 1, major, 0, Eb4
135, 0, 0, 1, 0, 0, 1, 0, 0, 0, 0, 1, 0, 1, Eb, 1, V, 5, major, 0, Bb4
135, 0, 0, 0, 1, 0, 0, 0, 1, 0, 0, 1, 0, 1, Eb, 1, I, 1, major, 0, Eb4
135, 0, 0, 1, 0, 0, 1, 0, 0, 1, 0, 1, 0, 1, Eb, 1, V7, 5, major, 0, Bb4
136, 0, 0, 0, 1, 0, 0, 0, 1, 0, 0, 1, 0, 1, Eb, 1, I6, 1, major, 1, Eb5
136, 0, 0, 1, 0, 0, 1, 0, 0, 1, 0, 0, 0, 1, Eb, 1, viio6, 7, diminished, 1, D5
137, 0, 0, 0, 1, 0, 0, 0, 1, 0, 0, 1, 0, 1, Eb, 1, I, 1, major, 0, Eb4
138, 0, 0, 0, 1, 0, 0, 0, 1, 0, 0, 1, 0, 1, Eb, 1, I6, 1, major, 1, Eb5
138, 0, 0, 1, 0, 0, 1, 0, 0, 1, 0, 0, 0, 1, Eb, 1, viio6, 7, diminished, 1, D5
139, 0, 0, 0, 1, 0, 0, 0, 1, 0, 0, 1, 0, 1, Eb, 1, I, 1, major, 0, Eb4
140, 0, 0, 0, 1, 0, 0, 0, 1, 0, 0, 1, 0, 1, Eb, 1, I, 1, major, 0, Eb4
141, 0, 0, 0, 1, 0, 0, 0, 1, 0, 0, 1, 0, 1, Eb, 1, I, 1, major, 0, Eb4
142, 0, 0, 0, 1, 0, 0, 0, 1, 0, 0, 1, 0, 1, Eb, 1, I, 1, major, 0, Eb4
143, 0, 0, 0, 1, 0, 0, 0, 1, 0, 0, 1, 0, 1, Eb, 1, I, 1, major, 0, Eb4
144, 0, 0, 0, 1, 0, 0, 0, 1, 0, 0, 1, 0, 1, Eb, 1, I, 1, major, 0, Eb4
145, 1, 0, 0, 1, 0, 0, 0, 0, 1, 0, 0, 0, 1, Eb, 1, IV, 4, major, 0, Ab4
146, 1, 0, 0, 0, 0, 1, 0, 0, 1, 0, 0, 0, 1, Eb, 1, ii, 2, minor, 0, F4
147, 0, 0, 1, 0, 0, 1, 0, 0, 0, 0, 1, 0, 1, Eb, 1, V, 5, major, 0, Bb4
147, 0, 0, 1, 0, 0, 0, 0, 1, 0, 0, 1, 0, 1, Eb, 1, iii, 3, minor, 0, G4
148, 0, 0, 0, 0, 1, 0, 0, 1, 0, 0, 1, 0, 2, F, 0, viio/ii, 7, diminished, 0, E5, Eb, 1, ii, 2, minor, 0, F4
149, 1, 0, 0, 0, 1, 0, 0, 1, 0, 0, 0, 0, 2, F, 0, V/ii, 5, major, 0, C5, Eb, 1, ii, 2, minor, 0, F4
149, 1, 0, 0, 0, 1, 0, 0, 0, 1, 0, 0, 0, 1, Eb, 1, IV+, 4, augmented, 0, Ab4
150, 1, 0, 0, 0, 0, 1, 0, 0, 1, 0, 0, 0, 1, Eb, 1, ii, 2, minor, 0, F4
150, 1, 0, 0, 1, 0, 1, 0, 0, 0, 1, 0, 0, 2, Bb, 1, V7/V, 5, major, 0, F5, Eb, 1, V, 5, major, 0, Bb4
151, 0, 0, 1, 0, 0, 1, 0, 0, 0, 0, 1, 0, 1, Eb, 1, V6, 5, major, 1, Bb5
151, 0, 0, 1, 0, 0, 1, 0, 0, 1, 0, 1, 0, 1, Eb, 1, V7, 5, major, 0, Bb4
152, 0, 0, 0, 1, 0, 0, 0, 1, 0, 0, 1, 0, 1, Eb, 1, I, 1, major, 0, Eb4
152, 1, 0, 0, 1, 0, 1, 0, 0, 0, 1, 0, 0, 1, Bb, 1, V65, 5, major, 1, F6
153, 0, 0, 1, 0, 0, 1, 0, 0, 0, 0, 1, 0, 1, Bb, 1, I, 1, major, 0, Bb4
154, 0, 0, 0, 1, 0, 0, 0, 1, 0, 0, 1, 0, 1, Bb, 1, IV6, 4, major, 1, Eb6
155, 1, 0, 0, 1, 0, 0, 0, 1, 0, 0, 0, 0, 1, Bb, 1, ii, 2, minor, 0, C5
155, 1, 0, 0, 0, 1, 0, 0, 1, 0, 0, 0, 0, 2, F, 1, V6/V, 5, major, 1, C6, Bb, 1, V, 5, major, 0, F5
156, 1, 0, 0, 0, 0, 1, 0, 0, 0, 1, 0, 0, 1, Bb, 1, V, 5, major, 0, F5
156, 0, 0, 1, 0, 0, 1, 0, 0, 0, 1, 0, 0, 1, Bb, 1, iii6, 3, minor, 1, D6
157, 0, 0, 1, 0, 0, 1, 0, 0, 0, 0, 0, 1, 1, C, 0, viio6, 7, diminished, 1, B4
158, 0, 0, 1, 0, 0, 0, 0, 1, 0, 0, 0, 1, 1, C, 0, V, 5, major, 0, G4
158, 0, 0, 0, 1, 0, 0, 0, 1, 0, 0, 0, 1, 1, C, 0, III+6, 3, augmented, 1, Eb5
159, 1, 0, 0, 1, 0, 0, 0, 1, 0, 0, 0, 0, 1, C, 0, i6, 1, minor, 1, C5
160, 1, 0, 0, 1, 0, 0, 0, 1, 0, 0, 0, 0, 1, C, 0, i, 1, minor, 0, C4
160, 1, 0, 0, 0, 0, 1, 0, 0, 1, 0, 0, 0, 1, Eb, 1, ii, 2, minor, 0, F4
161, 1, 0, 0, 0, 0, 1, 0, 0, 1, 0, 0, 0, 1, Eb, 1, ii6, 2, minor, 1, F5
161, 0, 0, 0, 1, 0, 0, 0, 0, 1, 0, 0, 1, 1, Eb, 1, iv6, 4, minor, 1, Ab5
161, 0, 0, 1, 0, 0, 1, 0, 0, 0, 0, 1, 0, 1, Eb, 1, V, 5, major, 0, Bb4
162, 0, 0, 0, 1, 0, 0, 0, 1, 0, 0, 1, 0, 1, Eb, 1, I, 1, major, 0, Eb4
163, 1, 0, 0, 1, 0, 0, 0, 1, 0, 0, 0, 0, 1, Eb, 1, vi, 6, minor, 0, C5
164, 1, 0, 0, 1, 0, 0, 0, 0, 1, 0, 0, 0, 1, Eb, 1, IV, 4, major, 0, Ab4
165, 1, 0, 0, 0, 0, 1, 0, 0, 1, 0, 0, 0, 1, Eb, 1, ii, 2, minor, 0, F4
165, 0, 0, 1, 0, 0, 1, 0, 0, 1, 0, 0, 0, 1, Eb, 1, viio, 7, diminished, 0, D5
166, 0, 0, 1, 0, 0, 1, 0, 0, 0, 0, 1, 0, 1, Eb, 1, V, 5, major, 0, Bb4
166, 0, 0, 1, 0, 0, 0, 0, 1, 0, 0, 1, 0, 1, Eb, 1, iii, 3, minor, 0, G4
167, 0, 0, 0, 0, 1, 0, 0, 1, 0, 0, 1, 0, 2, F, 0, viio/ii, 7, diminished, 0, E5, Eb, 1, ii, 2, minor, 0, F4
168, 1, 0, 0, 0, 1, 0, 0, 1, 0, 0, 0, 0, 2, F, 0, V/ii, 5, major, 0, C5, Eb, 1, ii, 2, minor, 0, F4
168, 1, 0, 0, 0, 0, 1, 0, 0, 1, 0, 0, 0, 1, Eb, 1, ii6, 2, minor, 1, F5
168, 1, 0, 0, 0, 1, 0, 0, 1, 0, 0, 1, 0, 2, F, 0, V43/ii, 5, major, 2, C5, Eb, 1, ii, 2, minor, 0, F4
169, 1, 0, 0, 0, 0, 1, 0, 0, 1, 0, 0, 0, 1, Eb, 1, ii, 2, minor, 0, F4
169, 0, 0, 1, 0, 0, 1, 0, 0, 1, 0, 0, 0, 1, Eb, 1, viio6, 7, diminished, 1, D5
169, 1, 0, 0, 1, 0, 0, 1, 0, 0, 1, 0, 0, 2, G, 0, viio7/iii, 7, diminished, 0, F#5, Eb, 1, iii, 3, minor, 0, G4
170, 0, 0, 1, 0, 0, 0, 0, 1, 0, 0, 1, 0, 1, Eb, 1, iii, 3, minor, 0, G4
170, 0, 0, 0, 1, 0, 0, 0, 1, 0, 0, 1, 0, 1, Eb, 1, I6, 1, major, 1, Eb5
170, 0, 0, 1, 0, 0, 1, 0, 1, 0, 0, 1, 0, 1, Eb, 1, iii7, 3, minor, 0, G4
171, 1, 0, 0, 1, 0, 0, 0, 0, 1, 0, 0, 0, 1, Eb, 1, IV, 4, major, 0, Ab4
171, 1, 0, 0, 0, 0, 1, 0, 0, 1, 0, 0, 0, 1, Eb, 1, ii, 2, minor, 0, F4
172, 0, 0, 1, 0, 0, 1, 0, 0, 0, 0, 1, 0, 1, Eb, 1, V, 5, major, 0, Bb4
172, 0, 0, 1, 0, 0, 1, 0, 0, 1, 0, 0, 1, 1, C, 0, viio7, 7, diminished, 0, B4
172, 1, 0, 0, 1, 0, 0, 0, 1, 0, 0, 0, 0, 1, C, 0, i, 1, minor, 0, C4
172, 0, 0, 1, 0, 0, 1, 0, 1, 0, 0, 0, 1, 1, C, 0, V43, 5, major, 2, G4
173, 1, 0, 0, 1, 0, 0, 0, 1, 0, 0, 0, 0, 1, C, 0, i, 1, minor, 0, C4
174, 1, 0, 0, 0, 0, 1, 0, 0, 1, 0, 0, 0, 1, C, 0, iv, 4, minor, 0, F4
175, 0, 1, 0, 0, 0, 1, 0, 0, 1, 0, 0, 0, 1, F, 0, VI, 6, major, 0, Db5
176, 0, 1, 0, 0, 0, 1, 0, 0, 0, 0, 1, 0, 1, F, 0, iv, 4, minor, 0, Bb4
176, 0, 1, 0, 0, 0, 0, 0, 1, 0, 0, 1, 0, 1, F, 0, iio, 2, diminished, 0, G4
177, 0, 0, 0, 0, 1, 0, 0, 1, 0, 0, 1, 0, 1, F, 0, viio, 7, diminished, 0, E5
178, 1, 0, 0, 0, 1, 0, 0, 1, 0, 0, 0, 0, 1, F, 0, V, 5, major, 0, C5
178, 1, 0, 0, 0, 0, 1, 0, 0, 1, 0, 0, 0, 1, F, 0, i6, 1, minor, 1, F5
179, 1, 0, 0, 0, 0, 1, 0, 0, 1, 0, 0, 0, 1, C, 0, iv, 4, minor, 0, F4
180, 1, 0, 0, 1, 0, 0, 0, 1, 0, 0, 0, 0, 1, C, 0, i6, 1, minor, 1, C5
180, 0, 0, 1, 0, 0, 1, 0, 0, 0, 0, 0, 1, 1, C, 0, viio6, 7, diminished, 1, B4
181, 1, 0, 0, 1, 0, 0, 0, 1, 0, 0, 0, 0, 1, C, 0, i, 1, minor, 0, C4
181, 0, 1, 0, 0, 0, 0, 0, 1, 0, 0, 1, 0, 2, Ab, 1, viio6/VI, 7, diminished, 1, G5, C, 0, VI, 6, major, 0, Ab4
182, 1, 0, 0, 1, 0, 0, 0, 0, 1, 0, 0, 0, 1, C, 0, VI, 6, major, 0, Ab4
182, 0, 0, 1, 0, 0, 0, 0, 1, 0, 0, 0, 1, 1, C, 0, V, 5, major, 0, G4
183, 0, 0, 1, 0, 0, 0, 0, 1, 0, 0, 0, 1, 1, C, 0, V, 5, major, 0, G4
184, 0, 0, 1, 0, 0, 0, 0, 1, 0, 0, 0, 1, 1, C, 0, V, 5, major, 0, G4
185, 0, 0, 1, 0, 0, 0, 0, 1, 0, 0, 0, 1, 1, C, 0, V, 5, major, 0, G4
186, 0, 0, 1, 0, 0, 0, 0, 1, 0, 0, 0, 1, 1, C, 0, V, 5, major, 0, G4
187, 1, 0, 0, 1, 0, 0, 0, 1, 0, 0, 0, 0, 1, C, 0, i, 1, minor, 0, C4
188, 1, 0, 0, 1, 0, 0, 0, 1, 0, 0, 0, 0, 1, C, 0, i, 1, minor, 0, C4
189, 1, 0, 0, 1, 0, 0, 0, 1, 0, 0, 0, 0, 1, C, 0, i, 1, minor, 0, C4
190, 1, 0, 0, 1, 0, 0, 0, 1, 0, 0, 0, 0, 1, C, 0, i, 1, minor, 0, C4
191, 0, 0, 1, 0, 0, 1, 0, 0, 0, 0, 1, 0, 1, Eb, 1, V6, 5, major, 1, Bb5
192, 0, 0, 1, 0, 0, 1, 0, 0, 0, 0, 1, 0, 1, Eb, 1, V6, 5, major, 1, Bb5
193, 0, 0, 1, 0, 0, 1, 0, 0, 0, 0, 1, 0, 1, Eb, 1, V6, 5, major, 1, Bb5
194, 0, 0, 1, 0, 0, 1, 0, 0, 0, 0, 1, 0, 1, Eb, 1, V6, 5, major, 1, Bb5
195, 0, 0, 0, 1, 0, 0, 0, 1, 0, 0, 1, 0, 1, Eb, 1, I, 1, major, 0, Eb4
196, 0, 0, 0, 1, 0, 0, 0, 1, 0, 0, 1, 0, 1, Eb, 1, I, 1, major, 0, Eb4
197, 0, 0, 1, 0, 0, 0, 1, 0, 0, 1, 0, 0, 1, D, 1, I, 1, major, 0, D4
198, 0, 0, 1, 0, 0, 0, 1, 0, 0, 1, 0, 0, 1, D, 1, I, 1, major, 0, D4
199, 0, 0, 1, 0, 0, 1, 0, 0, 1, 0, 0, 1, 2, A, 1, viio43/V, 7, diminished, 2, G#5, D, 1, V, 5, major, 0, A4
200, 0, 0, 1, 0, 0, 1, 0, 0, 1, 0, 0, 1, 2, A, 1, viio43/V, 7, diminished, 2, G#5, D, 1, V, 5, major, 0, A4
201, 0, 1, 0, 0, 1, 0, 0, 1, 0, 0, 1, 0, 1, D, 1, viio43, 7, diminished, 2, C#5
202, 0, 1, 0, 0, 1, 0, 0, 1, 0, 0, 1, 0, 1, D, 1, viio43, 7, diminished, 2, C#5
203, 0, 0, 1, 0, 0, 0, 1, 0, 0, 1, 0, 0, 1, D, 1, I, 1, major, 0, D4
204, 0, 0, 1, 0, 0, 0, 1, 0, 0, 1, 0, 0, 1, D, 1, I, 1, major, 0, D4
205, 0, 0, 1, 0, 0, 0, 1, 0, 0, 1, 0, 0, 1, D, 1, I, 1, major, 0, D4
206, 0, 0, 1, 0, 0, 0, 1, 0, 0, 1, 0, 0, 1, D, 1, I, 1, major, 0, D4
207, 0, 0, 0, 1, 0, 0, 1, 0, 0, 0, 0, 1, 1, E, 0, V, 5, major, 0, B4
208, 0, 0, 0, 0, 1, 0, 0, 1, 0, 0, 0, 1, 1, E, 0, i6, 1, minor, 1, E5
208, 0, 0, 0, 0, 1, 0, 0, 1, 0, 0, 0, 1, 1, E, 0, i, 1, minor, 0, E4
209, 0, 0, 0, 1, 0, 0, 1, 0, 0, 0, 0, 1, 1, E, 0, V6, 5, major, 1, B5
209, 0, 0, 0, 1, 0, 0, 1, 0, 0, 0, 0, 1, 1, E, 0, V, 5, major, 0, B4
210, 0, 0, 0, 0, 1, 0, 0, 1, 0, 0, 0, 1, 1, E, 0, i64, 1, minor, 2, E5
210, 0, 0, 0, 0, 1, 0, 0, 1, 0, 0, 0, 1, 1, E, 0, i, 1, minor, 0, E4
211, 0, 0, 1, 0, 0, 0, 1, 0, 0, 0, 0, 1, 1, B, 1, i64, 1, minor, 2, B5
211, 0, 0, 0, 1, 0, 0, 1, 0, 0, 0, 0, 1, 1, B, 1, I64, 1, major, 2, B5
212, 0, 1, 0, 0, 1, 0, 1, 0, 0, 0, 1, 0, 1, B, 1, V7, 5, major, 0, F#5
213, 0, 0, 0, 1, 0, 0, 1, 0, 0, 0, 0, 1, 1, B, 1, I64, 1, major, 2, B5
214, 0, 1, 0, 0, 1, 0, 1, 0, 0, 0, 1, 0, 1, B, 1, V65, 5, major, 1, F#6
215, 0, 0, 0, 1, 0, 0, 1, 0, 0, 0, 0, 1, 1, B, 1, I64, 1, major, 2, B5
216, 0, 1, 0, 0, 1, 0, 1, 0, 0, 0, 1, 0, 1, B, 1, V7, 5, major, 0, F#5
217, 0, 0, 0, 1, 0, 0, 1, 0, 0, 0, 0, 1, 1, B, 1, I64, 1, major, 2, B5
218, 0, 1, 0, 0, 1, 0, 1, 0, 0, 0, 1, 0, 1, B, 1, V7, 5, major, 0, F#5
219, 0, 1, 0, 0, 1, 0, 1, 0, 0, 0, 1, 0, 1, B, 1, V7, 5, major, 0, F#5
220, 0, 1, 0, 0, 1, 0, 1, 0, 0, 0, 1, 0, 1, B, 1, V7, 5, major, 0, F#5
221, 0, 1, 0, 0, 1, 0, 1, 0, 0, 0, 1, 0, 1, B, 1, V7, 5, major, 0, F#5
222, 0, 1, 0, 0, 1, 0, 1, 0, 0, 0, 1, 0, 1, B, 1, V7, 5, major, 0, F#5
223, 0, 1, 0, 0, 1, 0, 1, 0, 0, 0, 1, 0, 1, B, 1, V7, 5, major, 0, F#5
224, 0, 1, 0, 0, 1, 0, 1, 0, 0, 0, 1, 0, 1, B, 1, V7, 5, major, 0, F#5
225, 0, 1, 0, 0, 1, 0, 1, 0, 0, 0, 1, 0, 1, B, 1, V7, 5, major, 0, F#5
226, 0, 1, 0, 0, 1, 0, 1, 0, 0, 0, 1, 0, 1, B, 1, V7, 5, major, 0, F#5
227, 0, 1, 0, 0, 1, 0, 0, 1, 0, 0, 1, 0, 2, D, 0, viio7/iii, 7, diminished, 0, C#5, Bb, 1, iii, 3, minor, 0, D5
228, 0, 1, 0, 0, 1, 0, 0, 1, 0, 0, 1, 0, 2, D, 0, viio7/iii, 7, diminished, 0, C#5, Bb, 1, iii, 3, minor, 0, D5
229, 0, 1, 0, 0, 1, 0, 0, 1, 0, 0, 1, 0, 2, D, 0, viio7/iii, 7, diminished, 0, C#5, Bb, 1, iii, 3, minor, 0, D5
230, 0, 1, 0, 0, 1, 0, 0, 1, 0, 0, 1, 0, 2, D, 0, viio7/iii, 7, diminished, 0, C#5, Bb, 1, iii, 3, minor, 0, D5
231, 0, 1, 0, 0, 1, 0, 0, 1, 0, 0, 1, 0, 2, D, 0, viio7/iii, 7, diminished, 0, C#5, Bb, 1, iii, 3, minor, 0, D5
232, 1, 0, 0, 0, 0, 1, 0, 0, 0, 1, 0, 0, 1, Bb, 1, V, 5, major, 0, F5
233, 0, 0, 1, 0, 0, 1, 0, 0, 0, 0, 1, 0, 1, Bb, 1, I, 1, major, 0, Bb4
234, 0, 0, 1, 0, 0, 1, 0, 0, 0, 0, 1, 0, 1, Bb, 1, I, 1, major, 0, Bb4
235, 0, 0, 1, 0, 0, 1, 0, 0, 0, 0, 1, 0, 1, Bb, 1, I, 1, major, 0, Bb4
236, 0, 0, 1, 0, 0, 1, 0, 0, 0, 0, 1, 0, 1, Bb, 1, I, 1, major, 0, Bb4
237, 0, 0, 1, 0, 0, 1, 0, 0, 0, 0, 1, 0, 1, Bb, 1, I, 1, major, 0, Bb4
237, 1, 0, 0, 0, 0, 1, 0, 0, 0, 1, 0, 0, 1, Bb, 1, V, 5, major, 0, F5
238, 1, 0, 0, 1, 0, 0, 0, 1, 0, 0, 0, 0, 1, Bb, 1, ii, 2, minor, 0, C5
238, 0, 0, 1, 0, 0, 0, 0, 1, 0, 0, 1, 0, 1, Bb, 1, vi, 6, minor, 0, G5
239, 0, 0, 1, 0, 0, 1, 0, 0, 0, 0, 1, 0, 1, Bb, 1, I6, 1, major, 1, Bb5
239, 0, 1, 0, 0, 1, 0, 0, 1, 0, 0, 1, 0, 2, Ab, 1, viio43/bVII, 7, diminished, 2, G5, Bb, 1, bVII, 7, major, 0, Ab5
239, 1, 0, 0, 1, 0, 0, 0, 1, 0, 0, 0, 0, 1, Bb, 1, ii, 2, minor, 0, C5
239, 1, 0, 0, 0, 0, 1, 0, 0, 0, 1, 0, 0, 1, Bb, 1, V, 5, major, 0, F5
240, 0, 0, 1, 0, 0, 0, 0, 1, 0, 0, 1, 0, 1, Bb, 1, vi, 6, minor, 0, G5
240, 0, 0, 1, 0, 0, 1, 0, 0, 1, 0, 0, 1, 2, C, 0, viio65/ii, 7, diminished, 1, B4, Bb, 1, ii, 2, minor, 0, C5
240, 1, 0, 0, 1, 0, 0, 0, 1, 0, 0, 0, 0, 1, Bb, 1, ii6, 2, minor, 1, C6
240, 1, 0, 0, 0, 0, 1, 0, 0, 0, 1, 0, 0, 1, Bb, 1, V, 5, major, 0, F5
241, 0, 0, 1, 0, 0, 1, 0, 0, 0, 0, 1, 0, 1, Bb, 1, I64, 1, major, 2, Bb5
241, 1, 0, 0, 1, 0, 1, 0, 0, 0, 1, 0, 0, 1, Bb, 1, V7, 5, major, 0, F5
242, 0, 0, 1, 0, 0, 1, 0, 0, 0, 0, 1, 0, 1, Bb, 1, I64, 1, major, 2, Bb5
242, 1, 0, 0, 0, 0, 1, 0, 0, 0, 1, 0, 0, 1, Bb, 1, V, 5, major, 0, F5
243, 0, 0, 0, 1, 0, 0, 0, 1, 0, 0, 1, 0, 1, Eb, 1, I64, 1, major, 2, Eb5
243, 0, 0, 1, 0, 0, 1, 0, 0, 1, 0, 1, 0, 1, Eb, 1, V7, 5, major, 0, Bb4
244, 0, 0, 0, 1, 0, 0, 0, 1, 0, 0, 1, 0, 1, Eb, 1, I64, 1, major, 2, Eb5
244, 0, 0, 1, 0, 0, 1, 0, 0, 0, 0, 1, 0, 1, Eb, 1, V, 5, major, 0, Bb4
245, 0, 0, 1, 0, 0, 1, 0, 0, 1, 0, 1, 0, 2, Eb, 0, V7/vi, 5, major, 0, Bb4, Gb, 1, vi, 6, minor, 0, Eb5
245, 0, 0, 0, 1, 0, 0, 1, 0, 0, 0, 1, 0, 1, Gb, 1, vi, 6, minor, 0, Eb5
246, 0, 1, 0, 0, 0, 0, 1, 0, 0, 0, 1, 0, 1, Gb, 1, I64, 1, major, 2, Gb5
246, 0, 1, 0, 0, 0, 1, 0, 0, 1, 0, 0, 1, 1, Gb, 1, V7, 5, major, 0, Db5
247, 0, 1, 0, 0, 0, 0, 1, 0, 0, 0, 1, 0, 1, Gb, 1, I64, 1, major, 2, Gb5
247, 0, 1, 0, 0, 0, 1, 0, 0, 1, 0, 0, 1, 1, Gb, 1, V7, 5, major, 0, Db5
248, 0, 1, 0, 0, 0, 0, 1, 0, 0, 0, 1, 0, 1, Gb, 1, I64, 1, major, 2, Gb5
248, 0, 1, 0, 0, 0, 1, 0, 0, 1, 0, 0, 1, 1, Gb, 1, V7, 5, major, 0, Db5
249, 0, 1, 0, 0, 0, 1, 0, 0, 1, 0, 0, 1, 1, Gb, 1, V7, 5, major, 0, Db5
250, 0, 1, 0, 0, 0, 1, 0, 0, 1, 0, 0, 1, 1, Gb, 1, V7, 5, major, 0, Db5
251, 0, 1, 0, 0, 0, 1, 0, 0, 1, 0, 0, 1, 1, Gb, 1, V7, 5, major, 0, Db5
252, 0, 1, 0, 0, 0, 1, 0, 0, 1, 0, 0, 1, 1, Gb, 1, V7, 5, major, 0, Db5
253, 0, 1, 0, 0, 0, 0, 1, 0, 0, 0, 1, 0, 1, Gb, 1, I64, 1, major, 2, Gb5
253, 0, 0, 0, 0, 0, 1, 0, 0, 1, 0, 0, 1, 1, Gb, 1, viio6, 7, diminished, 1, F5
253, 0, 0, 0, 1, 0, 0, 1, 0, 0, 0, 1, 0, 1, Gb, 1, vi, 6, minor, 0, Eb5
253, 0, 0, 1, 0, 0, 1, 0, 0, 0, 0, 1, 0, 2, Eb, 0, V6/vi, 5, major, 1, Bb5, Gb, 1, vi, 6, minor, 0, Eb5
254, 0, 1, 0, 0, 0, 0, 1, 0, 0, 0, 1, 0, 1, Gb, 1, I64, 1, major, 2, Gb5
254, 0, 1, 0, 0, 0, 1, 0, 0, 1, 0, 0, 0, 1, Gb, 1, V, 5, major, 0, Db5
255, 0, 1, 0, 0, 0, 0, 1, 0, 0, 0, 1, 0, 1, Gb, 1, I, 1, major, 0, Gb4
255, 0, 1, 0, 0, 0, 0, 1, 0, 0, 0, 1, 0, 1, Gb, 1, I6, 1, major, 1, Gb5
256, 0, 1, 0, 0, 0, 0, 1, 0, 0, 0, 1, 0, 1, Gb, 1, I64, 1, major, 2, Gb5
256, 0, 1, 0, 0, 0, 0, 1, 0, 0, 0, 1, 0, 1, Gb, 1, I6, 1, major, 1, Gb5
256, 0, 1, 0, 0, 0, 0, 1, 0, 0, 0, 1, 0, 1, Gb, 1, I64, 1, major, 2, Gb5
256, 0, 0, 1, 0, 0, 1, 0, 0, 1, 0, 0, 1, 2, Eb, 0, viio42/vi, 7, diminished, 3, D5, Gb, 1, vi, 6, minor, 0, Eb5
257, 0, 0, 1, 0, 0, 1, 0, 0, 1, 0, 0, 1, 2, Eb, 0, viio7/vi, 7, diminished, 0, D5, Gb, 1, vi, 6, minor, 0, Eb5
257, 0, 0, 1, 0, 0, 1, 0, 0, 1, 0, 0, 1, 2, Eb, 0, viio42/vi, 7, diminished, 3, D5, Gb, 1, vi, 6, minor, 0, Eb5
258, 0, 0, 1, 0, 0, 1, 0, 0, 1, 0, 0, 1, 2, Eb, 0, viio7/vi, 7, diminished, 0, D5, Gb, 1, vi, 6, minor, 0, Eb5
258, 0, 0, 1, 0, 0, 1, 0, 0, 1, 0, 0, 1, 2, Eb, 0, viio42/vi, 7, diminished, 3, D5, Gb, 1, vi, 6, minor, 0, Eb5
258, 0, 0, 1, 0, 0, 1, 0, 0, 1, 0, 0, 1, 2, Eb, 0, viio7/vi, 7, diminished, 0, D5, Gb, 1, vi, 6, minor, 0, Eb5
258, 0, 1, 0, 0, 1, 0, 0, 1, 0, 0, 1, 0, 2, Ab, 0, viio43/ii, 7, diminished, 2, G5, Gb, 1, ii, 2, minor, 0, Ab4
259, 0, 1, 0, 0, 1, 0, 0, 1, 0, 0, 1, 0, 2, Ab, 0, viio7/ii, 7, diminished, 0, G5, Gb, 1, ii, 2, minor, 0, Ab4
259, 0, 1, 0, 0, 1, 0, 0, 1, 0, 0, 1, 0, 2, Ab, 0, viio43/ii, 7, diminished, 2, G5, Gb, 1, ii, 2, minor, 0, Ab4
260, 0, 1, 0, 0, 1, 0, 0, 1, 0, 0, 1, 0, 2, Ab, 0, viio42/ii, 7, diminished, 3, G5, Gb, 1, ii, 2, minor, 0, Ab4
260, 0, 1, 0, 0, 1, 0, 0, 1, 0, 0, 1, 0, 2, Ab, 0, viio43/ii, 7, diminished, 2, G5, Gb, 1, ii, 2, minor, 0, Ab4
260, 0, 1, 0, 0, 1, 0, 0, 1, 0, 0, 1, 0, 2, Ab, 0, viio42/ii, 7, diminished, 3, G5, Gb, 1, ii, 2, minor, 0, Ab4
260, 0, 0, 1, 0, 0, 0, 1, 0, 0, 0, 0, 1, 1, Gb, 1, iv6, 4, minor, 1, Cb6
261, 0, 0, 1, 0, 0, 0, 1, 0, 0, 0, 0, 1, 1, Gb, 1, iv64, 4, minor, 2, Cb5
261, 0, 0, 1, 0, 0, 0, 1, 0, 0, 0, 0, 1, 1, Gb, 1, iv6, 4, minor, 1, Cb6
262, 0, 0, 1, 0, 0, 1, 0, 0, 1, 0, 0, 1, 2, Eb, 0, viio65/vi, 7, diminished, 1, D5, Gb, 1, vi, 6, minor, 0, Eb5
262, 0, 0, 1, 0, 0, 1, 0, 0, 1, 0, 0, 1, 2, Eb, 0, viio7/vi, 7, diminished, 0, D5, Gb, 1, vi, 6, minor, 0, Eb5
262, 0, 0, 1, 0, 0, 1, 0, 0, 1, 0, 0, 1, 2, Eb, 0, viio65/vi, 7, diminished, 1, D5, Gb, 1, vi, 6, minor, 0, Eb5
262, 0, 1, 0, 0, 1, 0, 0, 1, 0, 0, 1, 0, 2, Ab, 0, viio42/ii, 7, diminished, 3, G5, Gb, 1, ii, 2, minor, 0, Ab4
263, 0, 1, 0, 0, 1, 0, 0, 1, 0, 0, 1, 0, 2, Ab, 0, viio7/ii, 7, diminished, 0, G5, Gb, 1, ii, 2, minor, 0, Ab4
263, 0, 1, 0, 0, 1, 0, 0, 1, 0, 0, 1, 0, 2, Ab, 0, viio42/ii, 7, diminished, 3, G5, Gb, 1, ii, 2, minor, 0, Ab4
263, 0, 1, 0, 0, 1, 0, 0, 1, 0, 0, 1, 0, 2, Ab, 0, viio7/ii, 7, diminished, 0, G5, Gb, 1, ii, 2, minor, 0, Ab4
263, 0, 0, 1, 0, 0, 0, 1, 0, 0, 0, 0, 1, 1, Gb, 1, iv6, 4, minor, 1, Cb6
264, 0, 0, 1, 0, 0, 0, 1, 0, 0, 0, 0, 1, 1, Gb, 1, iv6, 4, minor, 1, Cb6
265, 0, 0, 0, 1, 0, 0, 1, 0, 1, 0, 0, 1, 1, Gb, 1, ii7, 2, minor, 0, Ab4
266, 0, 0, 0, 1, 0, 0, 1, 0, 1, 0, 0, 1, 1, Gb, 1, ii7, 2, minor, 0, Ab4
267, 0, 0, 0, 1, 0, 0, 1, 0, 1, 0, 0, 1, 1, Gb, 1, ii7, 2, minor, 0, Ab4
268, 0, 0, 0, 1, 0, 0, 1, 0, 1, 0, 0, 1, 1, Gb, 1, ii7, 2, minor, 0, Ab4
269, 0, 1, 0, 0, 0, 1, 0, 0, 1, 0, 0, 0, 1, Gb, 1, V, 5, major, 0, Db5
270, 0, 1, 0, 0, 0, 1, 0, 0, 1, 0, 0, 0, 1, Gb, 1, V, 5, major, 0, Db5
271, 0, 1, 0, 0, 0, 1, 0, 0, 1, 0, 0, 0, 1, Gb, 1, V, 5, major, 0, Db5
272, 0, 1, 0, 0, 0, 1, 0, 0, 1, 0, 0, 0, 1, Gb, 1, V, 5, major, 0, Db5
272, 0, 1, 0, 0, 0, 0, 1, 0, 0, 0, 1, 0, 1, Gb, 1, I, 1, major, 0, Gb4
273, 0, 0, 1, 0, 0, 0, 1, 0, 0, 0, 0, 1, 1, B, 0, i, 1, minor, 0, B4
274, 0, 0, 1, 0, 0, 0, 1, 0, 0, 0, 0, 1, 1, B, 0, i, 1, minor, 0, B4
275, 0, 0, 1, 0, 0, 0, 1, 0, 0, 0, 0, 1, 1, B, 0, i, 1, minor, 0, B4
276, 0, 0, 1, 0, 0, 0, 0, 1, 0, 0, 0, 1, 2, C, 0, V/ii, 5, major, 0, G4, Bb, 1, ii, 2, minor, 0, C5
277, 0, 0, 1, 0, 0, 0, 0, 1, 0, 0, 0, 1, 2, C, 0, V/ii, 5, major, 0, G4, Bb, 1, ii, 2, minor, 0, C5
278, 1, 0, 0, 1, 0, 0, 0, 1, 0, 0, 0, 0, 1, Bb, 1, ii, 2, minor, 0, C5
279, 1, 0, 0, 1, 0, 0, 0, 1, 0, 0, 0, 0, 1, Bb, 1, ii, 2, minor, 0, C5
280, 1, 0, 0, 1, 0, 1, 0, 0, 0, 1, 0, 0, 1, Bb, 1, V7, 5, major, 0, F5
281, 1, 0, 0, 1, 0, 1, 0, 0, 0, 1, 0, 0, 1, Bb, 1, V7, 5, major, 0, F5
282, 1, 0, 0, 1, 0, 1, 0, 0, 0, 1, 0, 0, 1, Bb, 1, V7, 5, major, 0, F5
283, 1, 0, 0, 1, 0, 1, 0, 0, 0, 1, 0, 0, 1, Bb, 1, V7, 5, major, 0, F5
283, 1, 0, 0, 1, 0, 0, 1, 0, 0, 0, 0, 0, 1, Bb, 1, iio64, 2, diminished, 2, C6
284, 1, 0, 0, 1, 0, 1, 0, 0, 0, 1, 0, 0, 1, Bb, 1, V7, 5, major, 0, F5
284, 1, 0, 0, 1, 0, 0, 1, 0, 0, 0, 0, 0, 1, Bb, 1, iio64, 2, diminished, 2, C6
285, 1, 0, 0, 1, 0, 1, 0, 0, 0, 1, 0, 0, 1, Bb, 1, V7, 5, major, 0, F5
286, 1, 0, 0, 1, 0, 1, 0, 0, 0, 1, 0, 0, 1, Bb, 1, V7, 5, major, 0, F5
287, 1, 0, 0, 1, 0, 1, 0, 0, 0, 1, 0, 0, 1, Bb, 1, V7, 5, major, 0, F5
288, 1, 0, 0, 1, 0, 1, 0, 0, 0, 1, 0, 0, 1, Bb, 1, V7, 5, major, 0, F5
289, 0, 0, 1, 0, 0, 1, 0, 0, 0, 0, 1, 0, 1, Bb, 1, I64, 1, major, 2, Bb5
290, 0, 0, 1, 0, 0, 1, 0, 0, 0, 0, 1, 0, 1, Bb, 1, I64, 1, major, 2, Bb5
291, 0, 0, 1, 0, 0, 1, 0, 0, 0, 0, 1, 0, 1, Bb, 1, I64, 1, major, 2, Bb5
292, 0, 0, 1, 0, 0, 1, 0, 0, 0, 0, 1, 0, 1, Bb, 1, I64, 1, major, 2, Bb5
293, 1, 0, 0, 1, 0, 1, 0, 0, 0, 1, 0, 0, 1, Bb, 1, V7, 5, major, 0, F5
294, 1, 0, 0, 1, 0, 1, 0, 0, 0, 1, 0, 0, 1, Bb, 1, V7, 5, major, 0, F5
295, 1, 0, 0, 1, 0, 1, 0, 0, 0, 1, 0, 0, 1, Bb, 1, V7, 5, major, 0, F5
296, 1, 0, 0, 1, 0, 1, 0, 0, 0, 1, 0, 0, 1, Bb, 1, V7, 5, major, 0, F5
297, 0, 0, 1, 0, 0, 1, 0, 0, 0, 0, 1, 0, 1, Bb, 1, I64, 1, major, 2, Bb5
298, 0, 0, 1, 0, 0, 1, 0, 0, 0, 0, 1, 0, 1, Bb, 1, I64, 1, major, 2, Bb5
299, 0, 0, 1, 0, 0, 1, 0, 0, 0, 0, 1, 0, 1, Bb, 1, I64, 1, major, 2, Bb5
300, 0, 0, 1, 0, 0, 1, 0, 0, 0, 0, 1, 0, 1, Bb, 1, I64, 1, major, 2, Bb5
300, 1, 0, 0, 1, 0, 0, 0, 1, 0, 0, 1, 0, 1, Bb, 1, iihalfdim65, 2, minor, 1, C6
300, 1, 0, 0, 1, 0, 1, 0, 0, 0, 1, 0, 0, 1, Bb, 1, V42, 5, major, 3, F5
301, 0, 0, 1, 0, 0, 1, 0, 0, 0, 0, 1, 0, 1, Bb, 1, I, 1, major, 0, Bb4
301, 0, 0, 0, 1, 0, 0, 0, 1, 0, 0, 1, 0, 1, Bb, 1, IV, 4, major, 0, Eb5
302, 1, 0, 0, 0, 0, 1, 0, 0, 0, 1, 0, 0, 1, Bb, 1, V, 5, major, 0, F5
302, 0, 0, 1, 0, 0, 1, 0, 0, 0, 0, 1, 0, 1, Bb, 1, I, 1, major, 0, Bb4
303, 0, 0, 1, 0, 0, 1, 0, 0, 0, 0, 1, 0, 1, Bb, 1, I, 1, major, 0, Bb4
303, 0, 1, 0, 0, 1, 0, 0, 1, 0, 0, 1, 0, 1, F, 1, viio43, 7, diminished, 2, E5
303, 1, 0, 0, 0, 0, 1, 0, 0, 0, 1, 0, 0, 1, F, 1, I64, 1, major, 2, F5
303, 1, 0, 0, 0, 1, 0, 0, 1, 0, 0, 1, 0, 1, F, 1, V7, 5, major, 0, C5
304, 1, 0, 0, 0, 0, 1, 0, 0, 0, 1, 0, 0, 1, F, 1, I, 1, major, 0, F4
304, 1, 0, 0, 1, 0, 1, 0, 0, 0, 1, 0, 0, 1, Bb, 1, V65, 5, major, 1, F6
305, 0, 0, 1, 0, 0, 1, 0, 0, 0, 0, 1, 0, 1, Bb, 1, I, 1, major, 0, Bb4
305, 0, 0, 0, 1, 0, 0, 0, 1, 0, 0, 1, 0, 1, Bb, 1, IV, 4, major, 0, Eb5
305, 1, 0, 0, 1, 0, 0, 0, 1, 0, 0, 0, 0, 1, Bb, 1, ii, 2, minor, 0, C5
306, 1, 0, 0, 0, 0, 1, 0, 0, 0, 1, 0, 0, 1, Bb, 1, V6, 5, major, 1, F6
306, 0, 0, 1, 0, 0, 1, 0, 0, 0, 0, 1, 0, 1, Bb, 1, I, 1, major, 0, Bb4
307, 0, 0, 1, 0, 0, 0, 0, 1, 0, 0, 1, 0, 1, G, 0, i, 1, minor, 0, G4
307, 0, 0, 0, 1, 0, 0, 0, 1, 0, 0, 1, 0, 1, G, 0, VI6, 6, major, 1, Eb5
307, 1, 0, 0, 1, 0, 0, 0, 1, 0, 0, 0, 0, 1, G, 0, iv64, 4, minor, 2, C5
307, 0, 0, 1, 0, 0, 0, 1, 0, 0, 1, 0, 0, 1, G, 0, V6, 5, major, 1, D6
308, 0, 0, 1, 0, 0, 0, 1, 0, 0, 1, 0, 0, 1, G, 0, V6, 5, major, 1, D6
308, 1, 0, 1, 0, 0, 0, 1, 0, 0, 1, 0, 0, 1, G, 0, V7, 5, major, 0, D5
308, 0, 0, 1, 0, 0, 0, 0, 1, 0, 0, 1, 0, 1, G, 0, i, 1, minor, 0, G4
308, 1, 0, 0, 1, 0, 0, 1, 0, 0, 1, 0, 0, 1, G, 0, viio7, 7, diminished, 0, F#5
309, 1, 0, 1, 0, 0, 0, 1, 0, 0, 1, 0, 0, 1, G, 0, V7, 5, major, 0, D5
309, 0, 0, 1, 0, 0, 0, 0, 1, 0, 0, 1, 0, 1, G, 0, i, 1, minor, 0, G4
309, 0, 0, 1, 0, 0, 1, 0, 0, 1, 0, 0, 1, 1, Eb, 1, viio7, 7, diminished, 0, D5
310, 0, 0, 1, 0, 0, 1, 0, 0, 1, 0, 1, 0, 1, Eb, 1, V7, 5, major, 0, Bb4
310, 0, 0, 0, 1, 0, 0, 0, 1, 0, 0, 1, 0, 1, Eb, 1, I, 1, major, 0, Eb4
310, 0, 1, 0, 0, 1, 0, 0, 1, 0, 0, 1, 0, 1, D, 0, viio7, 7, diminished, 0, C#5
311, 0, 1, 0, 0, 1, 0, 0, 1, 0, 1, 0, 0, 1, D, 0, V7, 5, major, 0, A4
311, 0, 0, 1, 0, 0, 1, 0, 0, 0, 1, 0, 0, 1, D, 0, i, 1, minor, 0, D4
311, 0, 0, 1, 0, 0, 1, 0, 0, 1, 0, 0, 1, 1, C, 0, viio7, 7, diminished, 0, B4
312, 0, 0, 1, 0, 0, 1, 0, 1, 0, 0, 0, 1, 1, C, 0, V65, 5, major, 1, G5
312, 1, 0, 0, 0, 1, 0, 0, 1, 0, 0, 0, 0, 1, C, 0, I, 1, major, 0, C4
312, 1, 0, 0, 1, 0, 1, 0, 0, 0, 1, 0, 0, 1, Bb, 1, V65, 5, major, 1, F6
312, 0, 0, 1, 0, 0, 1, 0, 0, 0, 0, 1, 0, 1, Bb, 1, I, 1, major, 0, Bb4
313, 1, 0, 0, 1, 0, 1, 0, 0, 0, 1, 0, 0, 1, Bb, 1, V43, 5, major, 2, F5
314, 1, 0, 0, 1, 0, 1, 0, 0, 0, 1, 0, 0, 1, Bb, 1, V43, 5, major, 2, F5
314, 0, 0, 1, 0, 0, 1, 0, 0, 0, 0, 1, 0, 1, Bb, 1, I6, 1, major, 1, Bb5
315, 1, 0, 0, 1, 0, 1, 0, 0, 0, 1, 0, 0, 1, Bb, 1, V43, 5, major, 2, F5
316, 1, 0, 0, 1, 0, 1, 0, 0, 0, 1, 0, 0, 1, Bb, 1, V43, 5, major, 2, F5
316, 0, 0, 1, 0, 0, 1, 0, 0, 0, 0, 1, 0, 1, Bb, 1, I6, 1, major, 1, Bb5
317, 0, 0, 1, 0, 0, 1, 0, 0, 0, 0, 1, 0, 1, Bb, 1, I6, 1, major, 1, Bb5
317, 0, 0, 1, 0, 0, 0, 0, 1, 0, 0, 1, 0, 1, Bb, 1, vi, 6, minor, 0, G5
318, 0, 1, 0, 0, 1, 0, 0, 1, 0, 0, 1, 0, 2, F, 1, viio7/V, 7, diminished, 0, E5, Bb, 1, V, 5, major, 0, F5
318, 1, 0, 0, 0, 0, 1, 0, 0, 0, 1, 0, 0, 1, Bb, 1, V, 5, major, 0, F5
319, 1, 0, 0, 1, 0, 1, 0, 0, 0, 1, 0, 0, 1, Bb, 1, V43, 5, major, 2, F5
320, 1, 0, 0, 1, 0, 1, 0, 0, 0, 1, 0, 0, 1, Bb, 1, V43, 5, major, 2, F5
320, 0, 0, 1, 0, 0, 1, 0, 0, 0, 0, 1, 0, 1, Bb, 1, I6, 1, major, 1, Bb5
321, 1, 0, 0, 1, 0, 1, 0, 0, 0, 1, 0, 0, 1, Bb, 1, V43, 5, major, 2, F5
322, 1, 0, 0, 1, 0, 1, 0, 0, 0, 1, 0, 0, 1, Bb, 1, V43, 5, major, 2, F5
322, 0, 0, 1, 0, 0, 1, 0, 0, 0, 0, 1, 0, 1, Bb, 1, I6, 1, major, 1, Bb5
323, 0, 0, 1, 0, 0, 1, 0, 0, 0, 0, 1, 0, 1, Bb, 1, I6, 1, major, 1, Bb5
323, 0, 0, 1, 0, 0, 0, 0, 1, 0, 0, 1, 0, 1, Bb, 1, vi, 6, minor, 0, G5
324, 0, 1, 0, 0, 1, 0, 0, 1, 0, 0, 1, 0, 2, F, 1, viio7/V, 7, diminished, 0, E5, Bb, 1, V, 5, major, 0, F5
324, 1, 0, 0, 0, 0, 1, 0, 0, 0, 1, 0, 0, 2, Bb, 1, V/V, 5, major, 0, F5, Eb, 1, V, 5, major, 0, Bb4
324, 0, 0, 0, 1, 0, 0, 1, 0, 0, 0, 1, 0, 1, Eb, 1, i6, 1, minor, 1, Eb5
325, 0, 0, 0, 1, 0, 0, 0, 1, 0, 0, 1, 0, 1, Eb, 1, I6, 1, major, 1, Eb5
325, 1, 0, 0, 1, 0, 0, 0, 1, 0, 0, 0, 0, 1, Eb, 1, vi, 6, minor, 0, C5
326, 1, 0, 0, 1, 0, 0, 1, 0, 0, 1, 0, 0, 2, Bb, 1, viio7/V, 7, diminished, 0, A5, Eb, 1, V, 5, major, 0, Bb4
326, 0, 0, 1, 0, 0, 1, 0, 0, 0, 0, 1, 0, 2, Eb, 1, V/V, 5, major, 0, Bb4, Ab, 1, V, 5, major, 0, Eb5
326, 0, 0, 0, 1, 0, 0, 0, 0, 1, 0, 0, 1, 1, Ab, 1, i6, 1, minor, 1, Ab5
327, 1, 0, 0, 1, 0, 0, 0, 0, 1, 0, 0, 0, 1, Ab, 1, I6, 1, major, 1, Ab5
327, 0, 0, 0, 0, 1, 0, 0, 0, 1, 0, 0, 1, 1, Eb, 1, bII, 2, major, 0, Fb4
328, 1, 0, 1, 0, 0, 1, 0, 0, 0, 1, 0, 0, 1, Eb, 1, viihalfdim7, 7, minor, 0, D5
328, 0, 0, 0, 1, 0, 0, 0, 1, 0, 0, 1, 0, 1, Eb, 1, I, 1, major, 0, Eb4
329, 0, 0, 0, 1, 0, 0, 0, 1, 0, 0, 1, 0, 1, Eb, 1, I, 1, major, 0, Eb4
329, 0, 0, 1, 0, 0, 1, 0, 0, 1, 0, 1, 0, 1, Eb, 1, V7, 5, major, 0, Bb4
330, 0, 0, 1, 0, 0, 1, 0, 0, 1, 0, 1, 0, 1, Eb, 1, V7, 5, major, 0, Bb4
330, 0, 0, 0, 1, 0, 0, 0, 1, 0, 0, 1, 0, 1, Eb, 1, I, 1, major, 0, Eb4
330, 0, 0, 1, 0, 0, 1, 0, 0, 1, 0, 1, 0, 1, Eb, 1, V7, 5, major, 0, Bb4
331, 0, 0, 0, 1, 0, 0, 0, 1, 0, 0, 1, 0, 1, Eb, 1, I, 1, major, 0, Eb4
331, 0, 0, 1, 0, 0, 1, 0, 0, 1, 0, 1, 0, 1, Eb, 1, V7, 5, major, 0, Bb4
332, 0, 0, 0, 1, 0, 0, 0, 1, 0, 0, 1, 0, 1, Eb, 1, I, 1, major, 0, Eb4
332, 1, 0, 0, 0, 1, 0, 0, 1, 0, 0, 1, 0, 2, F, 1, V65/V, 5, major, 1, C6, Bb, 1, V, 5, major, 0, F5
332, 1, 0, 0, 0, 1, 0, 0, 1, 0, 0, 1, 0, 2, F, 1, V7/V, 5, major, 0, C5, Bb, 1, V, 5, major, 0, F5
333, 1, 0, 0, 0, 1, 0, 0, 1, 0, 0, 1, 0, 2, F, 1, V7/V, 5, major, 0, C5, Bb, 1, V, 5, major, 0, F5
333, 0, 0, 1, 0, 0, 1, 0, 0, 0, 0, 1, 0, 1, Bb, 1, I64, 1, major, 2, Bb5
333, 1, 0, 0, 0, 1, 0, 0, 1, 0, 0, 1, 0, 2, F, 1, V43/V, 5, major, 2, C5, Bb, 1, V, 5, major, 0, F5
334, 0, 0, 1, 0, 0, 1, 0, 0, 0, 0, 1, 0, 1, Bb, 1, I64, 1, major, 2, Bb5
335, 0, 0, 1, 0, 0, 1, 0, 0, 0, 0, 1, 0, 1, Bb, 1, I64, 1, major, 2, Bb5
336, 0, 0, 1, 0, 0, 1, 0, 0, 0, 0, 1, 0, 1, Bb, 1, I64, 1, major, 2, Bb5
337, 0, 0, 1, 0, 0, 1, 0, 0, 0, 0, 1, 0, 1, Bb, 1, I64, 1, major, 2, Bb5
337, 1, 0, 0, 1, 0, 1, 0, 0, 0, 1, 0, 0, 1, Bb, 1, V7, 5, major, 0, F5
338, 0, 0, 1, 0, 0, 1, 0, 0, 0, 0, 1, 0, 1, Bb, 1, I, 1, major, 0, Bb4
339, 0, 0, 0, 1, 0, 0, 1, 0, 0, 0, 1, 0, 1, Eb, 0, i6, 1, minor, 1, Eb5
339, 0, 0, 0, 1, 0, 0, 1, 0, 0, 0, 1, 0, 1, Eb, 0, i, 1, minor, 0, Eb4
340, 0, 0, 1, 0, 0, 1, 0, 0, 0, 0, 1, 0, 1, Eb, 0, V6, 5, major, 1, Bb5
340, 0, 0, 1, 0, 0, 1, 0, 0, 0, 0, 1, 0, 1, Eb, 0, V, 5, major, 0, Bb4
341, 0, 0, 0, 1, 0, 0, 1, 0, 0, 0, 1, 0, 1, Eb, 0, i, 1, minor, 0, Eb4
341, 0, 0, 0, 1, 0, 0, 1, 0, 0, 0, 1, 0, 1, Eb, 0, i6, 1, minor, 1, Eb5
342, 0, 1, 0, 0, 0, 1, 0, 0, 0, 0, 1, 0, 1, Bb, 1, i64, 1, minor, 2, Bb5
342, 0, 0, 1, 0, 0, 1, 0, 0, 0, 0, 1, 0, 1, Bb, 1, I64, 1, major, 2, Bb5
343, 1, 0, 0, 1, 0, 1, 0, 0, 0, 1, 0, 0, 1, Bb, 1, V7, 5, major, 0, F5
344, 0, 0, 1, 0, 0, 1, 0, 0, 0, 0, 1, 0, 1, Bb, 1, I, 1, major, 0, Bb4
345, 0, 0, 0, 1, 0, 0, 0, 1, 0, 0, 1, 0, 1, Eb, 1, I6, 1, major, 1, Eb5
345, 0, 0, 0, 1, 0, 0, 0, 1, 0, 0, 1, 0, 1, Eb, 1, I, 1, major, 0, Eb4
346, 0, 0, 1, 0, 0, 1, 0, 0, 0, 0, 1, 0, 1, Eb, 1, V6, 5, major, 1, Bb5
346, 0, 0, 1, 0, 0, 1, 0, 0, 0, 0, 1, 0, 1, Eb, 1, V, 5, major, 0, Bb4
347, 0, 0, 0, 1, 0, 0, 0, 1, 0, 0, 1, 0, 1, Eb, 1, I, 1, major, 0, Eb4
347, 0, 0, 0, 1, 0, 0, 0, 1, 0, 0, 1, 0, 1, Eb, 1, I6, 1, major, 1, Eb5
348, 0, 0, 1, 0, 0, 1, 0, 0, 0, 0, 1, 0, 1, Bb, 1, I64, 1, major, 2, Bb5
349, 1, 0, 0, 1, 0, 1, 0, 0, 0, 1, 0, 0, 1, Bb, 1, V7, 5, major, 0, F5
350, 0, 0, 1, 0, 0, 1, 0, 0, 1, 0, 1, 0, 2, Eb, 1, V7/IV, 5, major, 0, Bb4, Bb, 1, IV, 4, major, 0, Eb5
350, 1, 0, 0, 1, 0, 1, 0, 0, 0, 1, 0, 0, 1, Bb, 1, V42, 5, major, 3, F5
351, 0, 0, 1, 0, 0, 1, 0, 0, 1, 0, 1, 0, 2, Eb, 1, V7/IV, 5, major, 0, Bb4, Bb, 1, IV, 4, major, 0, Eb5
351, 1, 0, 0, 1, 0, 1, 0, 0, 0, 1, 0, 0, 1, Bb, 1, V42, 5, major, 3, F5
351, 0, 0, 1, 0, 0, 1, 0, 0, 1, 0, 1, 0, 2, Eb, 1, V7/IV, 5, major, 0, Bb4, Bb, 1, IV, 4, major, 0, Eb5
351, 0, 0, 1, 0, 0, 1, 0, 1, 0, 0, 0, 1, 2, C, 0, V65/ii, 5, major, 1, G5, Bb, 1, ii, 2, minor, 0, C5
352, 1, 0, 0, 1, 0, 0, 0, 1, 0, 0, 0, 0, 1, Bb, 1, ii, 2, minor, 0, C5
352, 0, 0, 1, 0, 0, 1, 0, 1, 0, 0, 0, 1, 2, C, 0, V65/ii, 5, major, 1, G5, Bb, 1, ii, 2, minor, 0, C5
352, 1, 0, 0, 1, 0, 0, 0, 1, 0, 0, 0, 0, 1, Bb, 1, ii, 2, minor, 0, C5
352, 1, 0, 0, 1, 0, 0, 0, 1, 0, 0, 0, 0, 1, Bb, 1, ii6, 2, minor, 1, C6
353, 1, 0, 0, 0, 1, 0, 0, 1, 0, 0, 1, 0, 2, F, 1, V65/V, 5, major, 1, C6, Bb, 1, V, 5, major, 0, F5
353, 1, 0, 0, 1, 0, 1, 0, 0, 0, 1, 0, 0, 1, Bb, 1, V7, 5, major, 0, F5
354, 0, 0, 1, 0, 0, 1, 0, 0, 0, 0, 1, 0, 1, Bb, 1, I64, 1, major, 2, Bb5
354, 1, 0, 0, 1, 0, 1, 0, 0, 0, 1, 0, 0, 1, Bb, 1, V7, 5, major, 0, F5
355, 0, 0, 1, 0, 0, 1, 0, 0, 0, 0, 1, 0, 1, Bb, 1, I64, 1, major, 2, Bb5
355, 1, 0, 0, 1, 0, 1, 0, 0, 0, 1, 0, 0, 1, Bb, 1, V7, 5, major, 0, F5
356, 0, 0, 1, 0, 0, 1, 0, 0, 0, 0, 1, 0, 1, Bb, 1, I64, 1, major, 2, Bb5
356, 1, 0, 0, 0, 0, 1, 0, 0, 0, 1, 0, 0, 1, Bb, 1, V, 5, major, 0, F5
357, 0, 0, 1, 0, 0, 1, 0, 0, 0, 0, 1, 0, 1, Bb, 1, I64, 1, major, 2, Bb5
357, 1, 0, 0, 0, 0, 1, 0, 0, 0, 1, 0, 0, 1, Bb, 1, V, 5, major, 0, F5
358, 0, 0, 1, 0, 0, 1, 0, 0, 0, 0, 1, 0, 1, Bb, 1, I64, 1, major, 2, Bb5
358, 0, 0, 1, 0, 0, 0, 0, 1, 0, 0, 0, 1, 1, C, 0, V, 5, major, 0, G4
359, 1, 0, 0, 1, 0, 0, 0, 1, 0, 0, 0, 0, 1, C, 0, i, 1, minor, 0, C4
359, 0, 0, 1, 0, 0, 0, 0, 1, 0, 0, 0, 1, 1, C, 0, V, 5, major, 0, G4
360, 1, 0, 0, 1, 0, 0, 0, 1, 0, 0, 0, 0, 1, C, 0, i, 1, minor, 0, C4
361, 0, 0, 1, 0, 0, 1, 0, 0, 0, 1, 0, 0, 1, D, 0, i, 1, minor, 0, D4
361, 0, 1, 0, 0, 1, 0, 0, 0, 0, 1, 0, 0, 1, D, 0, V, 5, major, 0, A4
362, 0, 0, 1, 0, 0, 1, 0, 0, 0, 1, 0, 0, 1, D, 0, i, 1, minor, 0, D4
363, 0, 0, 0, 1, 0, 0, 1, 0, 0, 0, 1, 0, 1, Eb, 0, i, 1, minor, 0, Eb4
363, 0, 0, 1, 0, 0, 1, 0, 0, 0, 0, 1, 0, 1, Eb, 0, V, 5, major, 0, Bb4
364, 0, 0, 0, 1, 0, 0, 1, 0, 0, 0, 1, 0, 1, Eb, 0, i, 1, minor, 0, Eb4
365, 1, 0, 0, 0, 0, 1, 0, 0, 0, 1, 0, 0, 2, Bb, 1, V/V, 5, major, 0, F5, Eb, 0, V, 5, major, 0, Bb4
365, 0, 0, 0, 1, 0, 0, 1, 0, 0, 0, 1, 0, 1, Eb, 0, i, 1, minor, 0, Eb4
366, 1, 0, 0, 1, 0, 0, 0, 0, 0, 1, 0, 0, 2, Bb, 1, viio/V, 7, diminished, 0, A5, Eb, 0, V, 5, major, 0, Bb4
367, 1, 0, 0, 1, 0, 1, 0, 0, 0, 1, 0, 0, 2, Bb, 1, V7/V, 5, major, 0, F5, Eb, 0, V, 5, major, 0, Bb4
368, 0, 0, 1, 0, 0, 1, 0, 0, 0, 0, 1, 0, 1, Eb, 0, V, 5, major, 0, Bb4
369, 0, 0, 0, 1, 0, 0, 1, 0, 0, 0, 1, 0, 1, Eb, 0, i6, 1, minor, 1, Eb5
369, 0, 0, 0, 1, 0, 0, 1, 0, 0, 0, 1, 0, 1, Eb, 0, i, 1, minor, 0, Eb4
370, 0, 0, 1, 0, 0, 1, 0, 0, 0, 0, 1, 0, 1, Eb, 0, V6, 5, major, 1, Bb5
370, 0, 0, 1, 0, 0, 1, 0, 0, 0, 0, 1, 0, 1, Eb, 0, V, 5, major, 0, Bb4
371, 0, 0, 0, 1, 0, 0, 1, 0, 0, 0, 1, 0, 1, Eb, 0, i, 1, minor, 0, Eb4
371, 0, 0, 0, 1, 0, 0, 1, 0, 0, 0, 1, 0, 1, Eb, 0, i6, 1, minor, 1, Eb5
372, 0, 0, 1, 0, 0, 1, 0, 0, 0, 0, 1, 0, 1, Bb, 1, I64, 1, major, 2, Bb5
373, 0, 0, 1, 0, 0, 1, 0, 0, 0, 0, 1, 0, 1, Bb, 1, I64, 1, major, 2, Bb5
374, 0, 0, 1, 0, 0, 1, 0, 0, 0, 0, 1, 0, 1, Bb, 1, I64, 1, major, 2, Bb5
375, 0, 0, 1, 0, 0, 1, 0, 0, 0, 0, 1, 0, 1, Bb, 1, I64, 1, major, 2, Bb5
376, 0, 0, 1, 0, 0, 1, 0, 0, 0, 0, 1, 0, 1, Bb, 1, I64, 1, major, 2, Bb5
377, 0, 0, 1, 0, 0, 1, 0, 0, 0, 0, 1, 0, 1, Bb, 1, I64, 1, major, 2, Bb5
378, 0, 0, 1, 0, 0, 1, 0, 0, 0, 0, 1, 0, 1, Bb, 1, I64, 1, major, 2, Bb5
379, 0, 0, 1, 0, 0, 1, 0, 0, 0, 0, 1, 0, 1, Bb, 1, I64, 1, major, 2, Bb5
380, 0, 0, 1, 0, 0, 1, 0, 0, 0, 0, 1, 0, 1, Bb, 1, I64, 1, major, 2, Bb5
381, 1, 0, 0, 1, 0, 1, 0, 0, 0, 1, 0, 0, 1, Bb, 1, V7, 5, major, 0, F5
382, 1, 0, 0, 1, 0, 1, 0, 0, 0, 1, 0, 0, 1, Bb, 1, V7, 5, major, 0, F5
383, 0, 0, 1, 0, 0, 1, 0, 0, 0, 0, 1, 0, 1, Bb, 1, I, 1, major, 0, Bb4
384, 0, 0, 1, 0, 0, 1, 0, 1, 0, 0, 0, 1, 2, C, 0, V65/ii, 5, major, 1, G5, Bb, 1, ii, 2, minor, 0, C5
384, 1, 0, 0, 1, 0, 0, 0, 1, 0, 0, 0, 0, 1, Bb, 1, ii, 2, minor, 0, C5
385, 0, 0, 1, 0, 0, 1, 0, 1, 0, 0, 0, 1, 2, C, 0, V65/ii, 5, major, 1, G5, Bb, 1, ii, 2, minor, 0, C5
385, 1, 0, 0, 1, 0, 0, 0, 1, 0, 0, 0, 0, 1, Bb, 1, ii, 2, minor, 0, C5
386, 0, 1, 0, 0, 1, 0, 0, 1, 0, 1, 0, 0, 2, D, 0, V65/iii, 5, major, 1, A5, Bb, 1, iii, 3, minor, 0, D5
386, 0, 0, 1, 0, 0, 1, 0, 0, 0, 1, 0, 0, 1, Bb, 1, iii, 3, minor, 0, D5
387, 0, 1, 0, 0, 1, 0, 0, 1, 0, 1, 0, 0, 2, D, 0, V65/iii, 5, major, 1, A5, Bb, 1, iii, 3, minor, 0, D5
387, 0, 0, 1, 0, 0, 1, 0, 0, 0, 1, 0, 0, 1, Bb, 1, iii, 3, minor, 0, D5
388, 0, 0, 1, 0, 0, 1, 0, 0, 1, 0, 1, 0, 2, Eb, 1, V65/IV, 5, major, 1, Bb5, Bb, 1, IV, 4, major, 0, Eb5
388, 0, 0, 0, 1, 0, 0, 0, 1, 0, 0, 1, 0, 1, Bb, 1, IV, 4, major, 0, Eb5
389, 0, 0, 0, 1, 0, 0, 0, 1, 0, 0, 1, 0, 1, Bb, 1, IV, 4, major, 0, Eb5
390, 1, 0, 0, 1, 0, 1, 0, 0, 0, 1, 0, 0, 1, Bb, 1, V7, 5, major, 0, F5
391, 1, 0, 0, 1, 0, 1, 0, 0, 0, 1, 0, 0, 1, Bb, 1, V7, 5, major, 0, F5
392, 0, 0, 1, 0, 0, 1, 0, 0, 0, 0, 1, 0, 1, Bb, 1, I64, 1, major, 2, Bb5
393, 0, 0, 1, 0, 0, 1, 0, 0, 0, 0, 1, 0, 1, Bb, 1, I64, 1, major, 2, Bb5
394, 0, 0, 1, 0, 0, 1, 0, 0, 0, 0, 1, 0, 1, Bb, 1, I64, 1, major, 2, Bb5
395, 0, 0, 1, 0, 0, 1, 0, 0, 0, 0, 1, 0, 1, Bb, 1, I64, 1, major, 2, Bb5
396, 0, 0, 1, 0, 0, 1, 0, 0, 0, 0, 1, 0, 1, Bb, 1, I64, 1, major, 2, Bb5
397, 0, 0, 1, 0, 0, 1, 0, 0, 0, 0, 1, 0, 1, Bb, 1, I64, 1, major, 2, Bb5
398, 0, 0, 1, 0, 0, 1, 0, 0, 0, 0, 1, 0, 1, Bb, 1, I64, 1, major, 2, Bb5
399, 1, 0, 0, 1, 0, 1, 0, 0, 0, 1, 0, 0, 1, Bb, 1, V7, 5, major, 0, F5
400, 0, 0, 1, 0, 0, 1, 0, 0, 0, 0, 1, 0, 1, Bb, 1, I64, 1, major, 2, Bb5
401, 0, 0, 1, 0, 0, 1, 0, 0, 0, 0, 1, 0, 1, Bb, 1, I64, 1, major, 2, Bb5
402, 0, 0, 1, 0, 0, 1, 0, 0, 0, 0, 1, 0, 1, Bb, 1, I64, 1, major, 2, Bb5
403, 1, 0, 0, 1, 0, 1, 0, 0, 0, 1, 0, 0, 1, Bb, 1, V7, 5, major, 0, F5
404, 1, 0, 0, 1, 0, 1, 0, 0, 0, 1, 0, 0, 1, Bb, 1, V7, 5, major, 0, F5
404, 0, 0, 1, 0, 0, 1, 0, 0, 0, 0, 1, 0, 1, Bb, 1, I, 1, major, 0, Bb4
405, 1, 0, 0, 1, 0, 1, 0, 0, 0, 1, 0, 0, 1, Bb, 1, V7, 5, major, 0, F5
405, 0, 0, 1, 0, 0, 1, 0, 0, 0, 0, 1, 0, 1, Bb, 1, I, 1, major, 0, Bb4
406, 1, 0, 0, 1, 0, 1, 0, 0, 0, 1, 0, 0, 1, Bb, 1, V7, 5, major, 0, F5
406, 0, 0, 1, 0, 0, 1, 0, 0, 0, 0, 1, 0, 1, Bb, 1, I, 1, major, 0, Bb4
407, 1, 0, 0, 1, 0, 1, 0, 0, 0, 1, 0, 0, 1, Bb, 1, V7, 5, major, 0, F5
407, 0, 0, 1, 0, 0, 1, 0, 0, 0, 0, 1, 0, 1, Bb, 1, I, 1, major, 0, Bb4
