1, 1, 0, 0, 1, 0, 0, 0, 0, 1, 0, 0, 0, 1, Ab, 1, I, 1, major, 0, Ab4
2, 0, 1, 0, 1, 0, 0, 0, 1, 0, 0, 1, 0, 1, Ab, 1, V43, 5, major, 2, Eb5
3, 1, 0, 0, 1, 0, 0, 0, 0, 1, 0, 0, 0, 1, Ab, 1, I6, 1, major, 1, Ab5
4, 0, 1, 0, 1, 0, 0, 0, 1, 0, 0, 1, 0, 1, Ab, 1, V7, 5, major, 0, Eb5
5, 1, 0, 0, 1, 0, 0, 0, 0, 1, 0, 0, 0, 1, Ab, 1, I, 1, major, 0, Ab4
6, 0, 1, 0, 1, 0, 0, 0, 1, 0, 0, 1, 0, 1, Ab, 1, V43, 5, major, 2, Eb5
7, 0, 1, 0, 1, 0, 0, 0, 1, 0, 0, 1, 0, 1, Ab, 1, V42, 5, major, 3, Eb5
8, 1, 0, 0, 1, 0, 0, 0, 0, 1, 0, 0, 0, 1, Ab, 1, I, 1, major, 0, Ab4
9, 1, 0, 0, 1, 0, 0, 1, 0, 1, 0, 0, 0, 2, Db, 1, V42/IV, 5, major, 3, Ab4, Ab, 1, IV, 4, major, 0, Db5
10, 0, 1, 0, 0, 0, 1, 0, 0, 1, 0, 0, 0, 1, Ab, 1, IV6, 4, major, 1, Db6
10, 1, 0, 0, 1, 0, 0, 0, 0, 1, 0, 0, 0, 1, Ab, 1, I64, 1, major, 2, Ab5
10, 0, 1, 0, 0, 0, 1, 0, 0, 1, 0, 1, 0, 1, Ab, 1, ii65, 2, minor, 1, Bb5
11, 1, 0, 0, 1, 0, 0, 0, 0, 1, 0, 0, 0, 1, Ab, 1, I64, 1, major, 2, Ab5
11, 0, 1, 0, 1, 0, 0, 0, 1, 0, 0, 1, 0, 1, Ab, 1, V7, 5, major, 0, Eb5
12, 1, 0, 0, 1, 0, 0, 0, 0, 1, 0, 0, 0, 1, Ab, 1, I, 1, major, 0, Ab4
13, 0, 1, 0, 1, 0, 0, 0, 1, 0, 0, 1, 0, 1, Ab, 1, V43, 5, major, 2, Eb5
14, 1, 0, 0, 1, 0, 0, 0, 0, 1, 0, 0, 0, 1, Ab, 1, I6, 1, major, 1, Ab5
15, 0, 1, 0, 1, 0, 0, 0, 1, 0, 0, 1, 0, 1, Ab, 1, V65, 5, major, 1, Eb6
16, 1, 0, 0, 1, 0, 0, 0, 0, 1, 0, 0, 0, 1, Ab, 1, I, 1, major, 0, Ab4
17, 0, 0, 1, 0, 0, 1, 0, 0, 1, 0, 1, 0, 2, Eb, 1, V42/V, 5, major, 3, Bb4, Ab, 1, V, 5, major, 0, Eb5
17, 0, 0, 0, 1, 0, 0, 0, 1, 0, 0, 1, 0, 1, Ab, 1, V, 5, major, 0, Eb5
18, 0, 0, 1, 0, 0, 1, 0, 0, 1, 0, 1, 0, 2, Eb, 1, V65/V, 5, major, 1, Bb5, Ab, 1, V, 5, major, 0, Eb5
18, 0, 1, 0, 1, 0, 0, 0, 1, 0, 0, 1, 0, 1, Ab, 1, V42, 5, major, 3, Eb5
19, 1, 0, 0, 1, 0, 0, 0, 0, 1, 0, 0, 0, 1, Ab, 1, I6, 1, major, 1, Ab5
19, 0, 0, 0, 1, 0, 0, 0, 0, 0, 1, 0, 1, 1, Eb, 1, It6, 4, other, 1, A5
19, 0, 0, 0, 1, 0, 0, 0, 1, 0, 0, 1, 0, 1, Eb, 1, I64, 1, major, 2, Eb5
19, 1, 0, 0, 1, 0, 0, 0, 0, 1, 0, 0, 0, 1, Eb, 1, IV, 4, major, 0, Ab4
19, 0, 0, 0, 1, 0, 0, 0, 1, 0, 0, 1, 0, 1, Eb, 1, I6, 1, major, 1, Eb5
20, 1, 0, 0, 1, 0, 0, 0, 0, 1, 0, 0, 0, 1, Eb, 1, IV, 4, major, 0, Ab4
20, 0, 0, 0, 1, 0, 0, 0, 1, 0, 0, 1, 0, 1, Eb, 1, I6, 1, major, 1, Eb5
20, 1, 0, 0, 0, 0, 1, 0, 0, 1, 0, 0, 0, 1, Eb, 1, ii, 2, minor, 0, F4
21, 0, 0, 0, 1, 0, 0, 0, 1, 0, 0, 1, 0, 1, Eb, 1, I6, 1, major, 1, Eb5
21, 1, 0, 0, 0, 0, 1, 0, 0, 1, 0, 0, 0, 1, Eb, 1, ii, 2, minor, 0, F4
21, 0, 0, 0, 1, 0, 0, 0, 1, 0, 0, 1, 0, 1, Eb, 1, I6, 1, major, 1, Eb5
22, 1, 0, 0, 1, 0, 0, 0, 0, 1, 0, 0, 0, 1, Eb, 1, IV, 4, major, 0, Ab4
22, 0, 0, 0, 1, 0, 0, 0, 1, 0, 0, 1, 0, 1, Eb, 1, I6, 1, major, 1, Eb5
22, 1, 0, 0, 0, 0, 1, 0, 0, 1, 0, 0, 0, 1, Eb, 1, ii, 2, minor, 0, F4
23, 0, 0, 0, 1, 0, 0, 0, 1, 0, 0, 1, 0, 1, Eb, 1, I6, 1, major, 1, Eb5
23, 1, 0, 0, 0, 0, 1, 0, 0, 1, 0, 0, 0, 1, Eb, 1, ii, 2, minor, 0, F4
23, 0, 0, 0, 1, 0, 0, 0, 1, 0, 0, 1, 0, 1, Eb, 1, I6, 1, major, 1, Eb5
23, 0, 0, 1, 0, 0, 1, 0, 0, 1, 0, 1, 0, 1, Eb, 1, V42, 5, major, 3, Bb4
23, 0, 0, 0, 1, 0, 0, 0, 1, 0, 0, 1, 0, 1, Eb, 1, I6, 1, major, 1, Eb5
23, 0, 0, 1, 0, 0, 1, 0, 0, 1, 0, 1, 0, 1, Eb, 1, V42, 5, major, 3, Bb4
24, 0, 0, 0, 1, 0, 0, 0, 1, 0, 0, 1, 0, 1, Eb, 1, I6, 1, major, 1, Eb5
24, 0, 0, 1, 0, 0, 1, 0, 0, 1, 0, 1, 0, 1, Eb, 1, V42, 5, major, 3, Bb4
24, 0, 0, 0, 1, 0, 0, 0, 1, 0, 0, 1, 0, 1, Eb, 1, I6, 1, major, 1, Eb5
24, 1, 0, 0, 1, 0, 1, 0, 0, 0, 1, 0, 0, 2, Bb, 1, V7/V, 5, major, 0, F5, Eb, 1, V, 5, major, 0, Bb4
24, 0, 0, 0, 1, 0, 0, 0, 1, 0, 0, 1, 0, 1, Eb, 1, I6, 1, major, 1, Eb5
24, 1, 0, 0, 1, 0, 1, 0, 0, 0, 1, 0, 0, 2, Bb, 1, V7/V, 5, major, 0, F5, Eb, 1, V, 5, major, 0, Bb4
25, 0, 0, 0, 1, 0, 0, 0, 1, 0, 0, 1, 0, 1, Eb, 1, I6, 1, major, 1, Eb5
25, 1, 0, 0, 1, 0, 1, 0, 0, 0, 1, 0, 0, 2, Bb, 1, V7/V, 5, major, 0, F5, Eb, 1, V, 5, major, 0, Bb4
25, 1, 0, 0, 1, 0, 1, 0, 0, 0, 1, 0, 0, 2, Bb, 1, V42/V, 5, major, 3, F5, Eb, 1, V, 5, major, 0, Bb4
26, 0, 0, 1, 0, 0, 1, 0, 0, 0, 0, 1, 0, 1, Eb, 1, V6, 5, major, 1, Bb5
26, 1, 0, 0, 1, 0, 1, 0, 0, 0, 1, 0, 0, 2, Bb, 1, V43/V, 5, major, 2, F5, Eb, 1, V, 5, major, 0, Bb4
26, 0, 0, 1, 0, 0, 1, 0, 0, 0, 0, 1, 0, 1, Eb, 1, V, 5, major, 0, Bb4
27, 0, 0, 1, 0, 0, 1, 0, 0, 1, 0, 1, 0, 1, Eb, 1, V42, 5, major, 3, Bb4
27, 0, 0, 1, 0, 0, 1, 0, 0, 0, 0, 1, 0, 1, Eb, 1, V, 5, major, 0, Bb4
28, 0, 0, 0, 1, 0, 0, 0, 1, 0, 0, 1, 0, 1, Eb, 1, I, 1, major, 0, Eb4
29, 0, 0, 0, 1, 0, 0, 0, 1, 0, 0, 1, 0, 1, Eb, 1, I6, 1, major, 1, Eb5
30, 0, 0, 0, 1, 0, 0, 0, 1, 0, 0, 1, 0, 1, Eb, 1, I6, 1, major, 1, Eb5
31, 1, 0, 0, 1, 0, 1, 0, 0, 1, 0, 0, 0, 1, Eb, 1, ii65, 2, minor, 1, F5
31, 0, 0, 1, 0, 0, 1, 0, 0, 0, 0, 1, 0, 1, Eb, 1, V, 5, major, 0, Bb4
32, 1, 0, 0, 0, 0, 1, 0, 0, 0, 1, 0, 0, 2, Bb, 1, V64/V, 5, major, 2, F5, Eb, 1, V, 5, major, 0, Bb4
32, 1, 0, 1, 0, 0, 1, 0, 0, 0, 1, 0, 0, 1, Eb, 1, viihalfdim7, 7, minor, 0, D5
32, 0, 0, 0, 1, 0, 0, 0, 1, 0, 0, 1, 0, 1, Eb, 1, I, 1, major, 0, Eb4
33, 1, 0, 0, 1, 0, 0, 0, 0, 1, 0, 0, 0, 1, Eb, 1, IV, 4, major, 0, Ab4
33, 0, 0, 1, 0, 0, 1, 0, 0, 1, 0, 1, 0, 1, Eb, 1, V7, 5, major, 0, Bb4
34, 0, 0, 0, 1, 0, 0, 0, 1, 0, 0, 1, 0, 1, Eb, 1, I, 1, major, 0, Eb4
34, 0, 0, 1, 0, 0, 1, 0, 0, 1, 0, 1, 0, 1, Eb, 1, V7, 5, major, 0, Bb4
35, 0, 0, 0, 1, 0, 0, 0, 1, 0, 0, 1, 0, 1, Eb, 1, I, 1, major, 0, Eb4
35, 0, 0, 1, 0, 0, 1, 0, 0, 1, 0, 1, 0, 1, Eb, 1, V7, 5, major, 0, Bb4
36, 0, 0, 0, 1, 0, 0, 0, 1, 0, 0, 1, 0, 1, Eb, 1, I, 1, major, 0, Eb4
37, 0, 0, 0, 1, 0, 0, 0, 1, 0, 0, 1, 0, 1, Eb, 1, I, 1, major, 0, Eb4
38, 0, 0, 0, 1, 0, 0, 0, 1, 0, 0, 1, 0, 1, Eb, 1, I, 1, major, 0, Eb4
39, 0, 1, 0, 0, 0, 1, 0, 0, 1, 0, 0, 0, 1, F, 0, VI, 6, major, 0, Db5
40, 1, 0, 0, 0, 0, 1, 0, 0, 1, 0, 0, 0, 1, F, 0, i, 1, minor, 0, F4
41, 1, 0, 0, 0, 1, 0, 0, 1, 0, 0, 1, 0, 1, F, 0, V7, 5, major, 0, C5
42, 1, 0, 0, 0, 1, 0, 0, 1, 0, 0, 1, 0, 1, F, 0, V7, 5, major, 0, C5
43, 1, 0, 0, 0, 0, 1, 0, 0, 1, 0, 0, 0, 1, F, 0, i, 1, minor, 0, F4
44, 1, 0, 0, 0, 0, 1, 0, 0, 1, 0, 0, 0, 1, F, 0, i, 1, minor, 0, F4
45, 1, 0, 0, 0, 1, 0, 0, 1, 0, 0, 1, 0, 1, F, 0, V7, 5, major, 0, C5
46, 1, 0, 0, 0, 0, 1, 0, 0, 1, 0, 0, 0, 1, F, 0, i, 1, minor, 0, F4
47, 1, 0, 0, 1, 0, 0, 1, 0, 1, 0, 0, 0, 1, Db, 1, V43, 5, major, 2, Ab4
48, 0, 1, 0, 0, 0, 1, 0, 0, 1, 0, 0, 0, 1, Db, 1, I, 1, major, 0, Db4
49, 1, 0, 0, 1, 0, 0, 1, 0, 1, 0, 0, 0, 1, Db, 1, V7, 5, major, 0, Ab4
50, 0, 1, 0, 0, 0, 1, 0, 0, 0, 0, 1, 0, 1, Bb, 0, i6, 1, minor, 1, Bb5
51, 1, 0, 0, 1, 0, 1, 0, 0, 0, 1, 0, 0, 1, Bb, 0, V43, 5, major, 2, F5
52, 0, 1, 0, 0, 0, 1, 0, 0, 0, 0, 1, 0, 1, Bb, 0, i, 1, minor, 0, Bb4
53, 1, 0, 0, 1, 0, 1, 0, 0, 0, 1, 0, 0, 1, Bb, 0, V7, 5, major, 0, F5
54, 0, 1, 0, 0, 0, 1, 0, 0, 0, 0, 1, 0, 1, Ab, 1, ii, 2, minor, 0, Bb4
55, 0, 1, 0, 1, 0, 0, 0, 1, 0, 0, 1, 0, 1, Ab, 1, V65, 5, major, 1, Eb6
56, 1, 0, 0, 1, 0, 0, 0, 0, 1, 0, 0, 0, 1, Ab, 1, I, 1, major, 0, Ab4
57, 0, 1, 0, 1, 0, 0, 0, 1, 0, 0, 1, 0, 1, Ab, 1, V43, 5, major, 2, Eb5
58, 1, 0, 0, 1, 0, 0, 0, 0, 1, 0, 0, 0, 1, Ab, 1, I6, 1, major, 1, Ab5
58, 0, 0, 1, 0, 0, 1, 0, 0, 1, 0, 0, 1, 2, C, 0, viio7/iii, 7, diminished, 0, B4, Ab, 1, iii, 3, minor, 0, C5
58, 1, 0, 0, 1, 0, 0, 0, 0, 1, 0, 0, 0, 1, Ab, 1, I6, 1, major, 1, Ab5
58, 0, 1, 0, 0, 0, 1, 0, 0, 1, 0, 0, 0, 1, Ab, 1, IV, 4, major, 0, Db5
59, 0, 1, 0, 1, 0, 0, 0, 1, 0, 0, 1, 0, 1, Ab, 1, V7, 5, major, 0, Eb5
60, 1, 0, 0, 1, 0, 0, 0, 0, 1, 0, 0, 0, 1, Ab, 1, I6, 1, major, 1, Ab5
61, 0, 1, 0, 0, 0, 1, 0, 0, 1, 0, 1, 0, 1, Ab, 1, ii65, 2, minor, 1, Bb5
62, 1, 0, 0, 1, 0, 0, 1, 0, 1, 0, 0, 0, 1, Db, 1, V65, 5, major, 1, Ab5
63, 0, 1, 0, 0, 0, 1, 0, 0, 1, 0, 0, 0, 1, Db, 1, I, 1, major, 0, Db4
64, 1, 0, 0, 1, 0, 0, 1, 0, 1, 0, 0, 0, 1, Db, 1, V43, 5, major, 2, Ab4
65, 1, 0, 0, 1, 0, 0, 1, 0, 1, 0, 0, 0, 1, Db, 1, V42, 5, major, 3, Ab4
66, 0, 1, 0, 0, 0, 1, 0, 0, 1, 0, 0, 0, 1, Db, 1, I6, 1, major, 1, Db5
67, 0, 1, 0, 0, 1, 0, 0, 0, 1, 0, 0, 0, 1, E, 1, vi6, 6, minor, 1, C#5
68, 0, 0, 0, 1, 0, 0, 1, 0, 0, 0, 0, 1, 1, E, 1, V6, 5, major, 1, B5
69, 0, 0, 0, 1, 0, 0, 1, 0, 0, 1, 0, 1, 1, E, 1, V65, 5, major, 1, B5
70, 0, 0, 0, 0, 1, 0, 0, 0, 1, 0, 0, 1, 1, E, 1, I, 1, major, 0, E4
71, 0, 0, 0, 1, 0, 0, 1, 0, 0, 1, 0, 1, 1, E, 1, V43, 5, major, 2, B4
72, 0, 0, 0, 0, 1, 0, 0, 0, 1, 0, 0, 1, 1, E, 1, I6, 1, major, 1, E5
73, 0, 0, 0, 1, 0, 0, 1, 0, 0, 1, 0, 1, 1, E, 1, V65, 5, major, 1, B5
74, 0, 0, 0, 0, 1, 0, 0, 0, 1, 0, 0, 1, 1, E, 1, I, 1, major, 0, E4
74, 0, 1, 0, 0, 1, 0, 0, 0, 0, 1, 0, 0, 1, E, 1, IV6, 4, major, 1, A5
74, 1, 0, 0, 0, 1, 0, 0, 0, 0, 0, 1, 0, 1, E, 1, It6, 4, other, 1, A#5
75, 1, 0, 0, 0, 1, 0, 0, 0, 0, 0, 1, 0, 1, E, 1, It6, 4, other, 1, A#5
75, 0, 0, 0, 0, 1, 0, 0, 0, 1, 0, 0, 1, 1, E, 1, I64, 1, major, 2, E5
75, 0, 1, 0, 0, 1, 0, 0, 0, 0, 1, 0, 0, 1, E, 1, IV, 4, major, 0, A4
75, 0, 0, 0, 0, 1, 0, 0, 0, 1, 0, 0, 1, 1, E, 1, I6, 1, major, 1, E5
75, 0, 1, 0, 0, 1, 0, 0, 0, 0, 1, 0, 0, 1, E, 1, IV, 4, major, 0, A4
76, 0, 1, 0, 0, 1, 0, 0, 0, 0, 1, 0, 0, 1, E, 1, IV, 4, major, 0, A4
76, 0, 0, 0, 0, 1, 0, 0, 0, 1, 0, 0, 1, 1, E, 1, I6, 1, major, 1, E5
76, 0, 1, 0, 0, 0, 0, 1, 0, 0, 1, 0, 0, 1, E, 1, ii, 2, minor, 0, F#4
77, 0, 0, 0, 0, 1, 0, 0, 0, 1, 0, 0, 1, 1, E, 1, I6, 1, major, 1, E5
77, 0, 1, 0, 0, 0, 0, 1, 0, 0, 1, 0, 0, 1, E, 1, ii, 2, minor, 0, F#4
77, 1, 0, 0, 0, 0, 1, 0, 0, 1, 0, 0, 0, 1, Ab, 1, vi, 6, minor, 0, F5
78, 0, 0, 0, 1, 0, 0, 0, 1, 0, 0, 1, 0, 1, Ab, 1, V, 5, major, 0, Eb5
78, 1, 0, 0, 1, 0, 0, 0, 0, 1, 0, 0, 0, 1, Ab, 1, I, 1, major, 0, Ab4
79, 0, 1, 0, 0, 0, 1, 0, 0, 1, 0, 0, 0, 1, Ab, 1, IV, 4, major, 0, Db5
79, 1, 0, 0, 1, 0, 0, 0, 0, 1, 0, 0, 0, 1, Ab, 1, I6, 1, major, 1, Ab5
79, 0, 1, 0, 0, 0, 1, 0, 0, 0, 0, 1, 0, 1, Ab, 1, ii, 2, minor, 0, Bb4
80, 1, 0, 0, 1, 0, 0, 0, 0, 1, 0, 0, 0, 1, Ab, 1, I6, 1, major, 1, Ab5
80, 0, 1, 0, 0, 0, 1, 0, 0, 0, 0, 1, 0, 1, Ab, 1, ii, 2, minor, 0, Bb4
80, 1, 0, 0, 1, 0, 0, 0, 0, 1, 0, 0, 0, 1, Ab, 1, I, 1, major, 0, Ab4
81, 1, 0, 0, 0, 1, 0, 0, 1, 0, 0, 0, 0, 2, F, 0, V6/vi, 5, major, 1, C6, Ab, 1, vi, 6, minor, 0, F5
81, 0, 1, 0, 0, 0, 1, 0, 0, 1, 0, 0, 0, 1, Ab, 1, IV, 4, major, 0, Db5
81, 0, 0, 1, 0, 0, 1, 0, 0, 0, 0, 0, 1, 2, C, 0, viio6/iii, 7, diminished, 1, B4, Ab, 1, iii, 3, minor, 0, C5
81, 1, 0, 0, 1, 0, 0, 0, 1, 0, 0, 0, 0, 1, Ab, 1, iii, 3, minor, 0, C5
81, 1, 0, 0, 1, 0, 0, 0, 0, 0, 1, 0, 0, 2, Bb, 0, viio6/ii, 7, diminished, 1, A5, Ab, 1, ii, 2, minor, 0, Bb4
81, 0, 1, 0, 0, 0, 1, 0, 0, 0, 0, 1, 0, 1, Ab, 1, ii, 2, minor, 0, Bb4
82, 0, 0, 1, 0, 0, 1, 0, 0, 0, 0, 0, 1, 2, C, 0, viio6/iii, 7, diminished, 1, B4, Ab, 1, iii, 3, minor, 0, C5
82, 1, 0, 0, 1, 0, 0, 0, 1, 0, 0, 0, 0, 1, Ab, 1, iii, 3, minor, 0, C5
82, 1, 0, 0, 1, 0, 0, 0, 0, 0, 1, 0, 0, 2, Bb, 0, viio6/ii, 7, diminished, 1, A5, Ab, 1, ii, 2, minor, 0, Bb4
82, 0, 1, 0, 0, 0, 1, 0, 0, 0, 0, 1, 0, 1, Ab, 1, ii, 2, minor, 0, Bb4
82, 1, 0, 0, 1, 0, 0, 0, 0, 1, 0, 0, 0, 1, Ab, 1, I6, 1, major, 1, Ab5
82, 0, 1, 0, 1, 0, 0, 0, 1, 0, 0, 1, 0, 1, Ab, 1, V42, 5, major, 3, Eb5
82, 1, 0, 0, 1, 0, 0, 0, 0, 1, 0, 0, 0, 1, Ab, 1, I6, 1, major, 1, Ab5
82, 0, 1, 0, 1, 0, 0, 0, 1, 0, 0, 1, 0, 1, Ab, 1, V42, 5, major, 3, Eb5
83, 1, 0, 0, 1, 0, 0, 0, 0, 1, 0, 0, 0, 1, Ab, 1, I6, 1, major, 1, Ab5
83, 0, 1, 0, 1, 0, 0, 0, 1, 0, 0, 1, 0, 1, Ab, 1, V42, 5, major, 3, Eb5
83, 1, 0, 0, 1, 0, 0, 0, 0, 1, 0, 0, 0, 1, Ab, 1, I6, 1, major, 1, Ab5
83, 0, 0, 1, 0, 0, 1, 0, 0, 1, 0, 1, 0, 2, Eb, 1, V7/V, 5, major, 0, Bb4, Ab, 1, V, 5, major, 0, Eb5
83, 1, 0, 0, 1, 0, 0, 0, 0, 1, 0, 0, 0, 1, Ab, 1, I6, 1, major, 1, Ab5
83, 0, 0, 1, 0, 0, 1, 0, 0, 1, 0, 1, 0, 2, Eb, 1, V7/V, 5, major, 0, Bb4, Ab, 1, V, 5, major, 0, Eb5
84, 1, 0, 0, 1, 0, 0, 0, 0, 1, 0, 0, 0, 1, Ab, 1, I6, 1, major, 1, Ab5
84, 0, 0, 1, 0, 0, 1, 0, 0, 1, 0, 1, 0, 2, Eb, 1, V7/V, 5, major, 0, Bb4, Ab, 1, V, 5, major, 0, Eb5
84, 0, 0, 1, 0, 0, 1, 0, 0, 1, 0, 1, 0, 2, Eb, 1, V42/V, 5, major, 3, Bb4, Ab, 1, V, 5, major, 0, Eb5
85, 0, 0, 0, 1, 0, 0, 0, 1, 0, 0, 1, 0, 1, Ab, 1, V6, 5, major, 1, Eb6
85, 0, 0, 1, 0, 0, 1, 0, 0, 1, 0, 1, 0, 2, Eb, 1, V43/V, 5, major, 2, Bb4, Ab, 1, V, 5, major, 0, Eb5
85, 0, 0, 0, 1, 0, 0, 0, 1, 0, 0, 1, 0, 1, Ab, 1, V, 5, major, 0, Eb5
86, 0, 1, 0, 1, 0, 0, 0, 1, 0, 0, 1, 0, 1, Ab, 1, V42, 5, major, 3, Eb5
86, 0, 0, 0, 1, 0, 0, 0, 1, 0, 0, 1, 0, 1, Ab, 1, V, 5, major, 0, Eb5
87, 1, 0, 0, 1, 0, 0, 0, 0, 1, 0, 0, 0, 1, Ab, 1, I, 1, major, 0, Ab4
88, 1, 0, 0, 1, 0, 0, 0, 0, 1, 0, 0, 0, 1, Ab, 1, I6, 1, major, 1, Ab5
89, 1, 0, 0, 1, 0, 0, 0, 0, 1, 0, 0, 0, 1, Ab, 1, I6, 1, major, 1, Ab5
90, 0, 1, 0, 0, 0, 1, 0, 0, 1, 0, 1, 0, 1, Ab, 1, ii65, 2, minor, 1, Bb5
90, 0, 0, 0, 1, 0, 0, 0, 1, 0, 0, 1, 0, 1, Ab, 1, V, 5, major, 0, Eb5
91, 0, 0, 1, 0, 0, 1, 0, 0, 1, 0, 0, 1, 2, Eb, 1, viio65/V, 7, diminished, 1, D5, Ab, 1, V, 5, major, 0, Eb5
91, 0, 1, 0, 0, 1, 0, 0, 1, 0, 0, 1, 0, 1, Ab, 1, viio7, 7, diminished, 0, G5
91, 1, 0, 0, 1, 0, 0, 0, 0, 1, 0, 0, 0, 1, Ab, 1, I, 1, major, 0, Ab4
92, 0, 1, 0, 0, 0, 1, 0, 0, 1, 0, 0, 0, 1, Ab, 1, IV, 4, major, 0, Db5
92, 0, 0, 0, 1, 0, 0, 0, 1, 0, 0, 1, 0, 1, Ab, 1, V, 5, major, 0, Eb5
93, 1, 0, 0, 1, 0, 0, 0, 0, 1, 0, 0, 0, 1, Ab, 1, I, 1, major, 0, Ab4
93, 0, 1, 0, 1, 0, 0, 0, 1, 0, 0, 1, 0, 1, Ab, 1, V7, 5, major, 0, Eb5
94, 1, 0, 0, 1, 0, 0, 0, 0, 1, 0, 0, 0, 1, Ab, 1, I, 1, major, 0, Ab4
94, 0, 1, 0, 1, 0, 0, 0, 1, 0, 0, 1, 0, 1, Ab, 1, V7, 5, major, 0, Eb5
95, 1, 0, 0, 1, 0, 0, 0, 0, 1, 0, 0, 0, 1, Ab, 1, I, 1, major, 0, Ab4
96, 1, 0, 0, 1, 0, 0, 0, 0, 1, 0, 0, 0, 1, Ab, 1, I, 1, major, 0, Ab4
97, 0, 0, 1, 0, 0, 1, 0, 0, 1, 0, 1, 0, 2, Eb, 1, V43/V, 5, major, 2, Bb4, Ab, 1, V, 5, major, 0, Eb5
98, 0, 0, 0, 1, 0, 0, 0, 1, 0, 0, 1, 0, 1, Ab, 1, V, 5, major, 0, Eb5
99, 0, 0, 1, 0, 0, 1, 0, 0, 1, 0, 1, 0, 2, Eb, 1, V43/V, 5, major, 2, Bb4, Ab, 1, V, 5, major, 0, Eb5
100, 0, 0, 0, 1, 0, 0, 0, 1, 0, 0, 1, 0, 1, Ab, 1, V, 5, major, 0, Eb5
100, 0, 1, 0, 1, 0, 0, 0, 1, 0, 0, 1, 0, 1, Ab, 1, V42, 5, major, 3, Eb5
101, 0, 1, 0, 1, 0, 0, 0, 1, 0, 0, 1, 0, 1, Ab, 1, V42, 5, major, 3, Eb5
101, 1, 0, 0, 1, 0, 0, 0, 0, 1, 0, 0, 0, 1, Ab, 1, I6, 1, major, 1, Ab5
102, 1, 0, 0, 1, 0, 0, 0, 0, 1, 0, 0, 0, 1, Ab, 1, I6, 1, major, 1, Ab5
102, 0, 1, 0, 0, 1, 0, 0, 1, 0, 0, 1, 0, 2, F, 0, viio7/vi, 7, diminished, 0, E5, Ab, 1, vi, 6, minor, 0, F5
103, 0, 1, 0, 0, 1, 0, 0, 1, 0, 0, 1, 0, 2, F, 0, viio7/vi, 7, diminished, 0, E5, Ab, 1, vi, 6, minor, 0, F5
103, 1, 0, 0, 0, 0, 1, 0, 0, 1, 0, 0, 0, 1, Ab, 1, vi, 6, minor, 0, F5
104, 1, 0, 0, 0, 0, 1, 0, 0, 1, 0, 0, 0, 1, Ab, 1, vi, 6, minor, 0, F5
104, 0, 0, 0, 1, 0, 0, 0, 1, 0, 0, 1, 0, 1, Ab, 1, V, 5, major, 0, Eb5
105, 1, 0, 0, 1, 0, 0, 0, 0, 1, 0, 0, 0, 1, Ab, 1, I, 1, major, 0, Ab4
106, 0, 1, 0, 1, 0, 0, 0, 1, 0, 0, 1, 0, 1, Ab, 1, V43, 5, major, 2, Eb5
107, 1, 0, 0, 1, 0, 0, 0, 0, 1, 0, 0, 0, 1, Ab, 1, I6, 1, major, 1, Ab5
108, 0, 1, 0, 1, 0, 0, 0, 1, 0, 0, 1, 0, 1, Ab, 1, V65, 5, major, 1, Eb6
109, 1, 0, 0, 1, 0, 0, 0, 0, 1, 0, 0, 0, 1, Ab, 1, I, 1, major, 0, Ab4
109, 0, 1, 0, 0, 0, 1, 0, 0, 1, 0, 0, 0, 1, Ab, 1, IV6, 4, major, 1, Db6
109, 1, 0, 0, 1, 0, 0, 0, 0, 1, 0, 0, 0, 1, Ab, 1, I6, 1, major, 1, Ab5
110, 0, 1, 0, 0, 0, 1, 0, 0, 1, 0, 0, 0, 1, Ab, 1, IV, 4, major, 0, Db5
110, 0, 1, 0, 1, 0, 0, 0, 1, 0, 0, 1, 0, 1, Ab, 1, V43, 5, major, 2, Eb5
110, 1, 0, 0, 1, 0, 0, 0, 0, 1, 0, 0, 0, 1, Ab, 1, I6, 1, major, 1, Ab5
111, 0, 1, 0, 0, 0, 1, 0, 0, 1, 0, 0, 0, 1, Ab, 1, IV, 4, major, 0, Db5
111, 0, 0, 0, 1, 0, 0, 0, 1, 0, 0, 1, 0, 1, Ab, 1, V, 5, major, 0, Eb5
112, 1, 0, 0, 1, 0, 0, 0, 0, 1, 0, 0, 0, 1, Ab, 1, I6, 1, major, 1, Ab5
113, 1, 1, 0, 0, 0, 1, 0, 0, 1, 0, 0, 0, 1, Ab, 1, IV7, 4, major, 0, Db5
113, 0, 0, 0, 1, 0, 0, 0, 1, 0, 0, 1, 0, 1, Ab, 1, V, 5, major, 0, Eb5
114, 1, 0, 0, 1, 0, 0, 0, 0, 1, 0, 0, 0, 1, Ab, 1, I, 1, major, 0, Ab4
114, 0, 1, 0, 0, 0, 1, 0, 0, 1, 0, 0, 0, 1, Ab, 1, IV6, 4, major, 1, Db6
114, 0, 1, 0, 1, 0, 0, 0, 1, 0, 0, 1, 0, 1, Ab, 1, V7, 5, major, 0, Eb5
115, 0, 1, 0, 1, 0, 0, 0, 1, 0, 0, 1, 0, 1, Ab, 1, V7, 5, major, 0, Eb5
115, 1, 0, 0, 1, 0, 0, 0, 0, 1, 0, 0, 0, 1, Ab, 1, I, 1, major, 0, Ab4
