1, 1, 0, 0, 1, 0, 0, 1, 0, 0, 1, 0, 0, 2, G, 1, viio7/V, 7, diminished, 0, F#5, C, 0, V, 5, major, 0, G4
1, 1, 0, 0, 1, 0, 0, 1, 0, 0, 1, 0, 0, 2, G, 1, viio7/V, 7, diminished, 0, F#5, C, 0, V, 5, major, 0, G4
2, 0, 0, 1, 0, 0, 0, 0, 1, 0, 0, 0, 1, 1, C, 0, V, 5, major, 0, G4
2, 1, 0, 0, 1, 0, 0, 0, 1, 0, 0, 0, 0, 1, C, 0, i, 1, minor, 0, C4
2, 0, 0, 1, 0, 0, 0, 0, 1, 0, 0, 0, 1, 1, C, 0, V6, 5, major, 1, G5
3, 0, 0, 1, 0, 0, 1, 0, 0, 1, 0, 0, 1, 2, C, 1, viio7/V, 7, diminished, 0, B4, F, 0, V, 5, major, 0, C5
4, 0, 1, 0, 0, 1, 0, 0, 1, 0, 0, 1, 0, 1, F, 0, viio43, 7, diminished, 2, E5
4, 1, 0, 0, 0, 0, 1, 0, 0, 1, 0, 0, 0, 1, F, 0, i6, 1, minor, 1, F5
4, 1, 0, 0, 0, 1, 0, 0, 1, 0, 0, 0, 0, 1, F, 0, V6, 5, major, 1, C6
5, 0, 1, 0, 0, 1, 0, 0, 1, 0, 0, 1, 0, 2, F, 1, viio7/V, 7, diminished, 0, E5, Bb, 0, V, 5, major, 0, F5
5, 0, 1, 0, 0, 0, 1, 0, 0, 0, 0, 1, 0, 1, Bb, 0, i64, 1, minor, 2, Bb5
6, 0, 1, 0, 1, 0, 0, 1, 0, 0, 0, 1, 0, 1, Bb, 0, iv65, 4, minor, 1, Eb6
6, 0, 1, 0, 1, 0, 0, 0, 1, 0, 0, 1, 0, 1, Ab, 1, V65, 5, major, 1, Eb6
6, 1, 0, 0, 1, 0, 0, 0, 0, 1, 0, 0, 0, 1, Ab, 1, I, 1, major, 0, Ab4
7, 1, 0, 0, 1, 0, 0, 1, 0, 0, 1, 0, 0, 2, Bb, 1, viio7/V, 7, diminished, 0, A5, Eb, 0, V, 5, major, 0, Bb4
7, 0, 0, 0, 1, 0, 0, 1, 0, 0, 0, 1, 0, 1, Eb, 0, i64, 1, minor, 2, Eb5
7, 0, 0, 0, 1, 0, 0, 1, 0, 0, 1, 0, 1, 1, Eb, 0, Ger65, 4, other, 1, A5
8, 1, 0, 0, 1, 0, 0, 1, 0, 0, 1, 0, 0, 2, Bb, 0, viio7/vi, 7, diminished, 0, A5, Db, 1, vi, 6, minor, 0, Bb4
8, 0, 1, 0, 0, 0, 1, 0, 0, 1, 0, 0, 0, 1, Db, 1, I, 1, major, 0, Db4
8, 0, 0, 1, 0, 0, 1, 0, 0, 1, 0, 0, 1, 2, Eb, 1, viio7/V, 7, diminished, 0, D5, Ab, 1, V, 5, major, 0, Eb5
9, 0, 0, 1, 0, 0, 1, 0, 0, 1, 0, 0, 1, 2, Eb, 1, viio7/V, 7, diminished, 0, D5, Ab, 1, V, 5, major, 0, Eb5
9, 1, 0, 0, 1, 0, 0, 0, 0, 1, 0, 0, 0, 1, Ab, 1, I64, 1, major, 2, Ab5
10, 0, 1, 0, 0, 1, 0, 0, 1, 0, 0, 1, 0, 2, F, 1, viio7/V, 7, diminished, 0, E5, Bb, 0, V, 5, major, 0, F5
10, 0, 1, 0, 0, 0, 1, 0, 0, 0, 0, 1, 0, 1, Bb, 0, i64, 1, minor, 2, Bb5
10, 0, 1, 0, 0, 1, 0, 0, 1, 0, 0, 1, 0, 2, F, 0, viio7/iv, 7, diminished, 0, E5, C, 0, iv, 4, minor, 0, F4
10, 1, 0, 0, 0, 0, 1, 0, 0, 1, 0, 0, 0, 1, C, 0, iv6, 4, minor, 1, F5
10, 1, 0, 0, 0, 0, 0, 1, 0, 1, 0, 0, 0, 1, C, 0, It6, 4, other, 1, F#5
11, 0, 0, 1, 0, 0, 1, 0, 1, 0, 0, 0, 1, 1, C, 0, V7, 5, major, 0, G4
11, 1, 0, 0, 1, 0, 0, 0, 1, 0, 0, 0, 0, 1, C, 0, i6, 1, minor, 1, C5
12, 1, 0, 0, 1, 0, 0, 1, 0, 0, 1, 0, 0, 2, G, 1, viio42/V, 7, diminished, 3, F#5, C, 0, V, 5, major, 0, G4
12, 0, 0, 1, 0, 0, 1, 0, 1, 0, 0, 0, 1, 1, C, 0, V43, 5, major, 2, G4
12, 1, 0, 0, 1, 0, 0, 0, 1, 0, 0, 0, 0, 1, C, 0, i, 1, minor, 0, C4
12, 1, 0, 0, 1, 0, 0, 1, 0, 0, 1, 0, 0, 2, G, 1, viio7/V, 7, diminished, 0, F#5, C, 0, V, 5, major, 0, G4
13, 0, 0, 1, 0, 0, 1, 0, 1, 0, 0, 0, 1, 1, C, 0, V7, 5, major, 0, G4
13, 1, 0, 0, 1, 0, 0, 0, 1, 0, 0, 0, 0, 1, C, 0, i6, 1, minor, 1, C5
14, 1, 0, 0, 1, 0, 0, 1, 0, 0, 1, 0, 0, 2, G, 1, viio42/V, 7, diminished, 3, F#5, C, 0, V, 5, major, 0, G4
14, 0, 0, 1, 0, 0, 1, 0, 1, 0, 0, 0, 1, 1, C, 0, V43, 5, major, 2, G4
14, 1, 0, 0, 1, 0, 0, 0, 1, 0, 0, 0, 0, 1, C, 0, i, 1, minor, 0, C4
14, 1, 0, 0, 1, 0, 0, 1, 0, 0, 1, 0, 0, 2, G, 1, viio7/V, 7, diminished, 0, F#5, C, 0, V, 5, major, 0, G4
15, 0, 0, 1, 0, 0, 0, 0, 1, 0, 0, 0, 1, 1, C, 0, V, 5, major, 0, G4
16, 0, 0, 1, 0, 0, 0, 0, 1, 0, 0, 0, 1, 1, C, 0, V, 5, major, 0, G4
17, 0, 0, 1, 0, 0, 0, 0, 1, 0, 0, 0, 1, 1, C, 0, V, 5, major, 0, G4
18, 0, 0, 1, 0, 0, 0, 0, 1, 0, 0, 0, 1, 1, C, 0, V, 5, major, 0, G4
19, 1, 0, 0, 1, 0, 0, 0, 1, 0, 0, 0, 0, 1, C, 0, i, 1, minor, 0, C4
19, 0, 0, 1, 0, 0, 0, 0, 1, 0, 0, 0, 1, 1, C, 0, V, 5, major, 0, G4
20, 1, 0, 0, 1, 0, 0, 0, 1, 0, 0, 0, 0, 1, C, 0, i, 1, minor, 0, C4
20, 0, 0, 1, 0, 0, 0, 0, 1, 0, 0, 0, 1, 1, C, 0, V6, 5, major, 1, G5
21, 1, 0, 0, 1, 0, 0, 0, 1, 0, 0, 0, 0, 1, C, 0, i, 1, minor, 0, C4
21, 0, 0, 1, 0, 0, 0, 0, 1, 0, 0, 0, 1, 1, C, 0, V6, 5, major, 1, G5
22, 0, 0, 1, 0, 0, 0, 0, 1, 0, 0, 0, 1, 1, C, 0, V, 5, major, 0, G4
22, 1, 0, 0, 1, 0, 0, 0, 1, 0, 0, 0, 0, 1, C, 0, i, 1, minor, 0, C4
23, 0, 0, 1, 0, 0, 0, 0, 1, 0, 0, 0, 1, 1, C, 0, V, 5, major, 0, G4
23, 1, 0, 0, 1, 0, 0, 0, 1, 0, 0, 0, 0, 1, C, 0, i, 1, minor, 0, C4
24, 0, 0, 1, 0, 0, 0, 0, 1, 0, 0, 0, 1, 1, C, 0, V, 5, major, 0, G4
24, 1, 0, 0, 1, 0, 0, 0, 1, 0, 0, 0, 0, 1, C, 0, i6, 1, minor, 1, C5
25, 0, 0, 1, 0, 0, 1, 0, 0, 1, 0, 0, 0, 1, C, 0, iio6, 2, diminished, 1, D5
25, 0, 0, 0, 0, 1, 0, 0, 1, 0, 0, 1, 0, 2, F, 0, viio6/iv, 7, diminished, 1, E5, C, 0, iv, 4, minor, 0, F4
26, 1, 0, 0, 0, 0, 1, 0, 0, 1, 0, 0, 0, 1, C, 0, iv6, 4, minor, 1, F5
26, 0, 0, 1, 0, 0, 0, 0, 1, 0, 0, 0, 1, 1, C, 0, V6, 5, major, 1, G5
26, 1, 0, 0, 1, 0, 0, 0, 1, 0, 0, 0, 0, 1, C, 0, i, 1, minor, 0, C4
27, 0, 0, 1, 0, 0, 1, 0, 0, 1, 0, 0, 1, 1, C, 0, viio65, 7, diminished, 1, B4
27, 0, 0, 1, 0, 0, 1, 0, 1, 0, 0, 0, 1, 1, C, 0, V43, 5, major, 2, G4
28, 0, 0, 1, 0, 0, 1, 0, 1, 0, 0, 0, 1, 1, C, 0, V7, 5, major, 0, G4
29, 1, 0, 0, 1, 0, 0, 0, 1, 0, 0, 0, 0, 1, C, 0, i, 1, minor, 0, C4
29, 0, 0, 1, 0, 0, 1, 0, 1, 0, 0, 0, 1, 1, C, 0, V7, 5, major, 0, G4
30, 0, 0, 1, 0, 0, 1, 0, 1, 0, 0, 0, 1, 1, C, 0, V7, 5, major, 0, G4
30, 1, 0, 0, 1, 0, 0, 0, 1, 0, 0, 0, 0, 1, C, 0, i, 1, minor, 0, C4
31, 0, 0, 1, 0, 0, 1, 0, 1, 0, 0, 0, 1, 1, C, 0, V7, 5, major, 0, G4
31, 1, 0, 0, 1, 0, 0, 0, 1, 0, 0, 0, 0, 1, C, 0, i, 1, minor, 0, C4
32, 0, 0, 1, 0, 0, 1, 0, 1, 0, 0, 0, 1, 1, C, 0, V7, 5, major, 0, G4
32, 1, 0, 0, 1, 0, 0, 0, 1, 0, 0, 0, 0, 1, C, 0, i, 1, minor, 0, C4
33, 1, 0, 0, 1, 0, 0, 0, 1, 0, 0, 0, 0, 1, C, 0, i6, 1, minor, 1, C5
33, 1, 0, 0, 0, 0, 1, 0, 0, 1, 0, 0, 0, 1, C, 0, iv, 4, minor, 0, F4
34, 1, 0, 0, 0, 0, 1, 0, 0, 1, 0, 0, 0, 1, C, 0, iv6, 4, minor, 1, F5
34, 1, 0, 0, 1, 0, 0, 1, 0, 0, 1, 0, 0, 2, G, 1, viio65/V, 7, diminished, 1, F#5, C, 0, V, 5, major, 0, G4
34, 1, 0, 0, 1, 0, 0, 1, 0, 0, 1, 0, 0, 2, G, 1, viio7/V, 7, diminished, 0, F#5, C, 0, V, 5, major, 0, G4
35, 1, 0, 0, 1, 0, 0, 0, 1, 0, 0, 0, 0, 1, C, 0, i64, 1, minor, 2, C5
35, 0, 0, 1, 0, 0, 1, 0, 1, 0, 0, 0, 1, 1, C, 0, V7, 5, major, 0, G4
35, 1, 0, 0, 1, 0, 0, 0, 1, 0, 0, 0, 0, 1, C, 0, i, 1, minor, 0, C4
36, 0, 0, 1, 0, 0, 1, 0, 1, 0, 0, 0, 1, 1, C, 0, V7, 5, major, 0, G4
37, 1, 0, 0, 1, 0, 0, 0, 1, 0, 0, 0, 0, 1, C, 0, i, 1, minor, 0, C4
37, 1, 0, 0, 0, 0, 1, 0, 0, 1, 0, 0, 0, 1, C, 0, iv64, 4, minor, 2, F4
38, 1, 0, 1, 0, 0, 1, 0, 0, 0, 1, 0, 0, 1, Eb, 1, viihalfdim7, 7, minor, 0, D5
38, 0, 0, 1, 0, 0, 1, 0, 0, 1, 0, 1, 0, 1, Eb, 1, V65, 5, major, 1, Bb5
39, 0, 0, 0, 1, 0, 0, 0, 1, 0, 0, 1, 0, 1, Eb, 1, I, 1, major, 0, Eb4
39, 0, 0, 1, 0, 0, 1, 0, 0, 1, 0, 1, 0, 1, Eb, 1, V7, 5, major, 0, Bb4
40, 1, 0, 0, 0, 0, 1, 0, 0, 1, 0, 0, 0, 1, F, 0, i, 1, minor, 0, F4
40, 0, 1, 0, 0, 0, 0, 0, 1, 0, 0, 1, 0, 1, F, 0, iio, 2, diminished, 0, G4
40, 1, 0, 0, 0, 1, 0, 0, 1, 0, 0, 1, 0, 1, F, 0, V65, 5, major, 1, C6
41, 0, 1, 0, 0, 0, 0, 0, 1, 0, 0, 1, 0, 1, Ab, 1, viio, 7, diminished, 0, G5
41, 1, 0, 0, 1, 0, 0, 0, 0, 1, 0, 0, 0, 1, Ab, 1, I, 1, major, 0, Ab4
41, 1, 0, 0, 1, 0, 1, 0, 0, 0, 1, 0, 0, 2, Bb, 0, V7/ii, 5, major, 0, F5, Ab, 1, ii, 2, minor, 0, Bb4
42, 0, 1, 0, 0, 0, 1, 0, 0, 0, 0, 1, 0, 1, Ab, 1, ii6, 2, minor, 1, Bb5
42, 0, 1, 0, 0, 0, 1, 0, 0, 0, 0, 1, 0, 1, Ab, 1, ii, 2, minor, 0, Bb4
42, 0, 0, 1, 0, 0, 1, 0, 1, 0, 0, 1, 0, 1, Ab, 1, viihalfdim7, 7, minor, 0, G5
43, 0, 1, 0, 1, 0, 0, 0, 1, 0, 0, 1, 0, 1, Ab, 1, V7, 5, major, 0, Eb5
43, 1, 0, 0, 1, 0, 0, 0, 0, 1, 0, 0, 0, 1, Ab, 1, I, 1, major, 0, Ab4
44, 0, 1, 0, 1, 0, 0, 0, 1, 0, 0, 1, 0, 1, Ab, 1, V7, 5, major, 0, Eb5
44, 1, 0, 0, 1, 0, 0, 0, 0, 1, 0, 0, 0, 1, Ab, 1, I6, 1, major, 1, Ab5
45, 1, 0, 0, 1, 0, 0, 0, 0, 1, 0, 0, 0, 1, Ab, 1, I6, 1, major, 1, Ab5
45, 1, 0, 0, 1, 0, 0, 1, 0, 0, 1, 0, 0, 2, Bb, 0, viio7/vi, 7, diminished, 0, A5, Db, 1, vi, 6, minor, 0, Bb4
46, 0, 1, 0, 0, 0, 1, 0, 0, 0, 0, 1, 0, 1, Db, 1, vi, 6, minor, 0, Bb4
46, 0, 0, 0, 1, 0, 0, 1, 0, 0, 0, 1, 0, 1, Db, 1, ii, 2, minor, 0, Eb4
47, 1, 0, 0, 1, 0, 0, 0, 1, 0, 0, 1, 0, 1, Db, 1, viihalfdim7, 7, minor, 0, C5
48, 0, 1, 0, 0, 0, 1, 0, 0, 1, 0, 0, 0, 1, Db, 1, I, 1, major, 0, Db4
49, 0, 0, 1, 0, 0, 1, 0, 0, 1, 0, 0, 1, 2, Eb, 1, viio7/V, 7, diminished, 0, D5, Ab, 1, V, 5, major, 0, Eb5
50, 0, 0, 0, 1, 0, 0, 0, 1, 0, 0, 1, 0, 1, Ab, 1, V, 5, major, 0, Eb5
50, 1, 0, 0, 1, 0, 0, 0, 0, 1, 0, 0, 0, 1, Ab, 1, I64, 1, major, 2, Ab5
51, 0, 1, 0, 1, 0, 0, 0, 1, 0, 0, 1, 0, 1, Ab, 1, V7, 5, major, 0, Eb5
51, 1, 0, 0, 1, 0, 0, 0, 0, 1, 0, 0, 0, 1, Ab, 1, I64, 1, major, 2, Ab5
51, 0, 0, 0, 1, 0, 0, 0, 1, 0, 0, 1, 0, 1, Ab, 1, V, 5, major, 0, Eb5
52, 0, 1, 0, 1, 0, 0, 0, 1, 0, 0, 1, 0, 1, Ab, 1, V7, 5, major, 0, Eb5
52, 1, 0, 0, 1, 0, 0, 0, 0, 1, 0, 0, 0, 1, Ab, 1, I64, 1, major, 2, Ab5
53, 0, 1, 0, 1, 0, 0, 0, 1, 0, 0, 1, 0, 1, Ab, 1, V7, 5, major, 0, Eb5
54, 0, 1, 0, 0, 1, 0, 0, 1, 0, 0, 1, 0, 2, F, 0, viio7/vi, 7, diminished, 0, E5, Ab, 1, vi, 6, minor, 0, F5
54, 1, 0, 0, 0, 0, 1, 0, 0, 1, 0, 0, 0, 1, Ab, 1, vi, 6, minor, 0, F5
55, 0, 0, 1, 0, 0, 1, 0, 1, 0, 0, 1, 0, 1, Ab, 1, viihalfdim43, 7, minor, 2, G5
55, 1, 0, 0, 1, 0, 0, 0, 0, 1, 0, 0, 0, 1, Ab, 1, I6, 1, major, 1, Ab5
55, 0, 0, 1, 0, 0, 1, 0, 0, 1, 0, 0, 1, 2, Eb, 1, viio7/V, 7, diminished, 0, D5, Ab, 1, V, 5, major, 0, Eb5
56, 0, 0, 1, 0, 0, 1, 0, 0, 1, 0, 0, 1, 2, Eb, 1, viio7/V, 7, diminished, 0, D5, Ab, 1, V, 5, major, 0, Eb5
57, 0, 0, 1, 0, 0, 1, 0, 0, 1, 0, 0, 1, 2, Eb, 1, viio7/V, 7, diminished, 0, D5, Ab, 1, V, 5, major, 0, Eb5
57, 0, 0, 0, 1, 0, 0, 0, 1, 0, 0, 1, 0, 1, Ab, 1, V, 5, major, 0, Eb5
58, 1, 0, 0, 1, 0, 0, 0, 0, 1, 0, 0, 0, 1, Ab, 1, I, 1, major, 0, Ab4
58, 0, 1, 0, 1, 0, 0, 0, 1, 0, 0, 1, 0, 1, Ab, 1, V65, 5, major, 1, Eb6
59, 1, 0, 0, 1, 0, 0, 1, 0, 1, 0, 0, 0, 2, Db, 1, V65/IV, 5, major, 1, Ab5, Ab, 1, IV, 4, major, 0, Db5
59, 0, 1, 0, 0, 0, 1, 0, 0, 1, 0, 0, 0, 1, Ab, 1, IV6, 4, major, 1, Db6
60, 0, 1, 0, 0, 1, 0, 0, 0, 1, 0, 0, 0, 1, Ab, 1, iv6, 4, minor, 1, Db6
60, 1, 0, 0, 1, 0, 0, 0, 0, 1, 0, 0, 0, 1, Ab, 1, I64, 1, major, 2, Ab5
61, 0, 1, 0, 1, 0, 0, 0, 1, 0, 0, 1, 0, 1, Ab, 1, V7, 5, major, 0, Eb5
61, 1, 0, 0, 1, 0, 0, 0, 0, 1, 0, 0, 0, 1, Ab, 1, I, 1, major, 0, Ab4
62, 0, 0, 0, 1, 0, 0, 0, 1, 0, 0, 1, 0, 1, Ab, 1, V, 5, major, 0, Eb5
62, 1, 0, 0, 1, 0, 0, 1, 0, 1, 0, 0, 0, 2, Db, 1, V65/IV, 5, major, 1, Ab5, Ab, 1, IV, 4, major, 0, Db5
63, 0, 1, 0, 0, 0, 1, 0, 0, 1, 0, 0, 0, 1, Ab, 1, IV, 4, major, 0, Db5
63, 0, 1, 0, 0, 1, 0, 0, 0, 1, 0, 0, 0, 1, Ab, 1, iv, 4, minor, 0, Db5
64, 1, 0, 0, 1, 0, 0, 0, 0, 1, 0, 0, 0, 1, Ab, 1, I64, 1, major, 2, Ab5
64, 0, 1, 0, 1, 0, 0, 0, 1, 0, 0, 1, 0, 1, Ab, 1, V65, 5, major, 1, Eb6
65, 1, 0, 0, 1, 0, 0, 0, 0, 1, 0, 0, 0, 1, Ab, 1, I6, 1, major, 1, Ab5
65, 0, 1, 0, 1, 0, 0, 0, 1, 0, 0, 1, 0, 1, Ab, 1, V7, 5, major, 0, Eb5
66, 1, 0, 0, 1, 0, 0, 0, 0, 1, 0, 0, 0, 1, Ab, 1, I6, 1, major, 1, Ab5
66, 0, 1, 0, 1, 0, 0, 0, 1, 0, 0, 1, 0, 1, Ab, 1, V7, 5, major, 0, Eb5
67, 1, 0, 0, 1, 0, 0, 0, 0, 1, 0, 0, 0, 1, Ab, 1, I, 1, major, 0, Ab4
67, 0, 0, 0, 1, 0, 0, 0, 1, 0, 0, 1, 0, 1, Ab, 1, V, 5, major, 0, Eb5
68, 1, 0, 0, 1, 0, 0, 0, 0, 1, 0, 0, 0, 1, Ab, 1, I, 1, major, 0, Ab4
68, 0, 0, 0, 1, 0, 0, 0, 1, 0, 0, 1, 0, 1, Ab, 1, V, 5, major, 0, Eb5
69, 1, 0, 0, 1, 0, 0, 0, 0, 1, 0, 0, 0, 1, Ab, 1, I, 1, major, 0, Ab4
69, 0, 0, 0, 1, 0, 0, 0, 1, 0, 0, 1, 0, 1, Ab, 1, V, 5, major, 0, Eb5
70, 1, 0, 0, 1, 0, 0, 0, 0, 1, 0, 0, 0, 1, Ab, 1, I, 1, major, 0, Ab4
71, 1, 0, 0, 1, 0, 0, 0, 0, 1, 0, 0, 0, 1, Ab, 1, I, 1, major, 0, Ab4
71, 0, 0, 1, 0, 0, 0, 0, 1, 0, 0, 1, 0, 1, G, 0, i, 1, minor, 0, G4
72, 0, 0, 1, 0, 0, 0, 0, 1, 0, 0, 1, 0, 1, G, 0, i, 1, minor, 0, G4
72, 0, 0, 1, 0, 0, 0, 1, 0, 0, 1, 0, 0, 1, G, 0, V6, 5, major, 1, D6
73, 0, 0, 1, 0, 0, 0, 1, 0, 0, 1, 0, 0, 1, G, 0, V6, 5, major, 1, D6
73, 0, 0, 1, 0, 0, 0, 0, 1, 0, 0, 1, 0, 1, G, 0, i, 1, minor, 0, G4
74, 0, 0, 1, 0, 0, 0, 1, 0, 0, 1, 0, 0, 1, G, 0, V6, 5, major, 1, D6
74, 1, 0, 0, 0, 0, 1, 0, 0, 1, 0, 0, 0, 1, F, 0, i, 1, minor, 0, F4
75, 1, 0, 0, 0, 1, 0, 0, 1, 0, 0, 0, 0, 1, F, 0, V6, 5, major, 1, C6
75, 1, 0, 0, 1, 0, 0, 0, 1, 0, 0, 0, 0, 1, G, 0, iv6, 4, minor, 1, C6
76, 0, 0, 1, 0, 0, 0, 0, 1, 0, 0, 1, 0, 1, G, 0, i64, 1, minor, 2, G5
76, 1, 0, 1, 0, 0, 0, 1, 0, 0, 1, 0, 0, 1, G, 0, V7, 5, major, 0, D5
77, 0, 0, 1, 0, 0, 0, 0, 1, 0, 0, 0, 1, 2, C, 0, V/iv, 5, major, 0, G4, G, 0, iv, 4, minor, 0, C5
77, 1, 0, 0, 1, 0, 0, 0, 1, 0, 0, 0, 0, 1, G, 0, iv64, 4, minor, 2, C5
78, 1, 0, 0, 1, 0, 0, 1, 0, 0, 1, 0, 0, 1, G, 0, viio7, 7, diminished, 0, F#5
78, 1, 0, 1, 0, 0, 0, 1, 0, 0, 1, 0, 0, 1, G, 0, V7, 5, major, 0, D5
79, 0, 0, 1, 0, 0, 0, 0, 1, 0, 0, 0, 1, 2, C, 0, V/iv, 5, major, 0, G4, G, 0, iv, 4, minor, 0, C5
79, 1, 0, 0, 1, 0, 0, 0, 0, 1, 0, 0, 0, 1, C, 0, VI, 6, major, 0, Ab4
80, 0, 0, 1, 0, 0, 1, 0, 0, 1, 0, 0, 1, 1, C, 0, viio65, 7, diminished, 1, B4
80, 0, 0, 1, 0, 0, 1, 0, 1, 0, 0, 0, 1, 1, C, 0, V65, 5, major, 1, G5
81, 1, 0, 0, 0, 1, 0, 0, 1, 0, 0, 0, 0, 2, F, 0, V/iv, 5, major, 0, C5, C, 0, iv, 4, minor, 0, F4
81, 0, 1, 0, 0, 0, 1, 0, 0, 1, 0, 0, 0, 1, F, 0, VI6, 6, major, 1, Db5
82, 0, 1, 0, 0, 1, 0, 0, 1, 0, 0, 1, 0, 1, F, 0, viio65, 7, diminished, 1, E5
82, 1, 0, 0, 0, 1, 0, 0, 1, 0, 0, 1, 0, 1, F, 0, V7, 5, major, 0, C5
83, 1, 0, 0, 0, 0, 1, 0, 0, 1, 0, 0, 0, 1, F, 0, i, 1, minor, 0, F4
83, 1, 0, 0, 0, 1, 0, 0, 1, 0, 0, 1, 0, 1, F, 0, V65, 5, major, 1, C6
84, 1, 0, 0, 0, 0, 1, 0, 0, 1, 0, 0, 0, 1, F, 0, i, 1, minor, 0, F4
84, 1, 0, 0, 0, 1, 0, 0, 1, 0, 0, 1, 0, 1, F, 0, V65, 5, major, 1, C6
85, 1, 0, 0, 0, 0, 1, 0, 0, 1, 0, 0, 0, 1, F, 0, i, 1, minor, 0, F4
85, 0, 0, 1, 0, 0, 0, 0, 1, 0, 0, 0, 1, 1, C, 0, V6, 5, major, 1, G5
86, 0, 0, 1, 0, 0, 0, 0, 1, 0, 0, 0, 1, 1, C, 0, V6, 5, major, 1, G5
86, 0, 0, 1, 0, 0, 1, 0, 0, 1, 0, 0, 1, 1, C, 0, viio7, 7, diminished, 0, B4
87, 0, 0, 1, 0, 0, 0, 0, 1, 0, 0, 0, 1, 1, C, 0, V, 5, major, 0, G4
87, 1, 0, 0, 1, 0, 0, 1, 0, 0, 1, 0, 0, 2, G, 1, viio65/V, 7, diminished, 1, F#5, C, 0, V, 5, major, 0, G4
88, 1, 0, 0, 1, 0, 0, 1, 0, 0, 1, 0, 0, 2, G, 1, viio42/V, 7, diminished, 3, F#5, C, 0, V, 5, major, 0, G4
88, 0, 0, 1, 0, 0, 1, 0, 0, 1, 0, 0, 1, 1, C, 0, viio65, 7, diminished, 1, B4
89, 0, 0, 1, 0, 0, 1, 0, 0, 1, 0, 0, 1, 1, C, 0, viio42, 7, diminished, 3, B4
89, 0, 1, 0, 0, 1, 0, 0, 1, 0, 0, 1, 0, 2, F, 0, viio65/iv, 7, diminished, 1, E5, C, 0, iv, 4, minor, 0, F4
90, 0, 1, 0, 0, 1, 0, 0, 1, 0, 0, 1, 0, 2, F, 0, viio43/iv, 7, diminished, 2, E5, C, 0, iv, 4, minor, 0, F4
90, 1, 0, 0, 1, 0, 0, 1, 0, 0, 1, 0, 0, 2, G, 1, viio65/V, 7, diminished, 1, F#5, C, 0, V, 5, major, 0, G4
91, 1, 0, 0, 1, 0, 0, 1, 0, 0, 1, 0, 0, 2, G, 1, viio42/V, 7, diminished, 3, F#5, C, 0, V, 5, major, 0, G4
91, 0, 0, 1, 0, 0, 1, 0, 0, 1, 0, 0, 1, 1, C, 0, viio65, 7, diminished, 1, B4
92, 1, 0, 0, 1, 0, 0, 0, 1, 0, 0, 0, 0, 1, C, 0, i64, 1, minor, 2, C5
92, 0, 0, 1, 0, 0, 0, 0, 1, 0, 0, 0, 1, 1, C, 0, V, 5, major, 0, G4
93, 1, 0, 0, 1, 0, 0, 0, 1, 0, 0, 0, 0, 1, C, 0, i, 1, minor, 0, C4
93, 0, 0, 1, 0, 0, 0, 0, 1, 0, 0, 0, 1, 1, C, 0, V6, 5, major, 1, G5
94, 0, 0, 1, 0, 0, 0, 0, 1, 0, 0, 0, 1, 1, C, 0, V, 5, major, 0, G4
94, 1, 0, 0, 1, 0, 0, 0, 1, 0, 0, 0, 0, 1, C, 0, i, 1, minor, 0, C4
95, 0, 0, 1, 0, 0, 1, 0, 1, 0, 0, 0, 1, 1, C, 0, V7, 5, major, 0, G4
95, 1, 0, 0, 1, 0, 0, 0, 1, 0, 0, 0, 0, 1, C, 0, i, 1, minor, 0, C4
96, 0, 0, 1, 0, 0, 1, 0, 1, 0, 0, 0, 1, 1, C, 0, V7, 5, major, 0, G4
96, 1, 0, 0, 1, 0, 0, 0, 1, 0, 0, 0, 0, 1, C, 0, i, 1, minor, 0, C4
97, 0, 0, 1, 0, 0, 1, 0, 1, 0, 0, 0, 1, 1, C, 0, V65, 5, major, 1, G5
97, 1, 0, 0, 1, 0, 0, 0, 1, 0, 0, 0, 0, 1, C, 0, i, 1, minor, 0, C4
98, 1, 0, 0, 1, 0, 0, 0, 1, 0, 0, 0, 0, 1, C, 0, i6, 1, minor, 1, C5
98, 1, 0, 0, 0, 0, 1, 0, 0, 1, 0, 0, 0, 1, C, 0, iv, 4, minor, 0, F4
99, 0, 1, 0, 0, 0, 1, 0, 0, 1, 0, 0, 0, 1, C, 0, N6, 2, major, 1, Db5
100, 1, 0, 0, 0, 1, 0, 0, 1, 0, 0, 0, 0, 1, F, 0, V6, 5, major, 1, C6
100, 1, 0, 0, 0, 1, 0, 0, 1, 0, 0, 1, 0, 1, F, 0, V7, 5, major, 0, C5
101, 1, 0, 0, 0, 0, 1, 0, 0, 1, 0, 0, 0, 1, F, 0, i, 1, minor, 0, F4
101, 0, 1, 0, 0, 1, 0, 0, 1, 0, 0, 1, 0, 1, F, 0, viio7, 7, diminished, 0, E5
102, 1, 0, 0, 0, 1, 0, 0, 1, 0, 0, 1, 0, 1, F, 0, V7, 5, major, 0, C5
102, 1, 0, 0, 0, 0, 1, 0, 0, 1, 0, 0, 0, 1, F, 0, i, 1, minor, 0, F4
103, 1, 0, 0, 1, 0, 0, 1, 0, 0, 1, 0, 0, 2, Bb, 0, viio7/iv, 7, diminished, 0, A5, F, 0, iv, 4, minor, 0, Bb4
103, 0, 0, 1, 0, 0, 1, 0, 1, 0, 0, 1, 0, 1, F, 0, iihalfdim7, 2, minor, 0, G4
104, 1, 0, 0, 1, 0, 0, 0, 0, 1, 0, 0, 0, 1, F, 0, III6, 3, major, 1, Ab5
104, 1, 0, 0, 1, 0, 0, 1, 0, 0, 1, 0, 0, 1, Bb, 0, viio7, 7, diminished, 0, A5
105, 1, 0, 0, 1, 0, 1, 0, 0, 0, 1, 0, 0, 1, Bb, 0, V7, 5, major, 0, F5
105, 0, 1, 0, 0, 0, 1, 0, 0, 0, 0, 1, 0, 1, Bb, 0, i, 1, minor, 0, Bb4
106, 1, 0, 0, 1, 0, 1, 0, 0, 0, 1, 0, 0, 1, Bb, 0, V7, 5, major, 0, F5
107, 0, 1, 0, 0, 0, 1, 0, 0, 0, 0, 1, 0, 1, Bb, 0, i, 1, minor, 0, Bb4
107, 0, 0, 0, 1, 0, 0, 1, 0, 0, 0, 1, 0, 1, Bb, 0, iv6, 4, minor, 1, Eb6
108, 1, 0, 0, 1, 0, 0, 0, 1, 0, 0, 1, 0, 1, Db, 1, viihalfdim7, 7, minor, 0, C5
108, 1, 0, 0, 1, 0, 0, 1, 0, 1, 0, 0, 0, 1, Db, 1, V65, 5, major, 1, Ab5
109, 0, 1, 0, 0, 0, 1, 0, 0, 1, 0, 0, 0, 1, Db, 1, I, 1, major, 0, Db4
109, 1, 0, 0, 1, 0, 0, 1, 0, 1, 0, 0, 0, 1, Db, 1, V7, 5, major, 0, Ab4
110, 0, 1, 0, 0, 0, 1, 0, 0, 1, 0, 0, 0, 1, Db, 1, I, 1, major, 0, Db4
110, 0, 0, 1, 0, 0, 1, 0, 0, 1, 0, 1, 0, 1, Eb, 0, V7, 5, major, 0, Bb4
111, 0, 0, 0, 1, 0, 0, 1, 0, 0, 0, 1, 0, 1, Eb, 0, i, 1, minor, 0, Eb4
111, 1, 0, 0, 0, 1, 0, 0, 1, 0, 0, 1, 0, 1, F, 0, V7, 5, major, 0, C5
112, 1, 0, 0, 0, 0, 1, 0, 0, 1, 0, 0, 0, 1, F, 0, i, 1, minor, 0, F4
112, 1, 0, 1, 0, 0, 0, 1, 0, 0, 1, 0, 0, 1, G, 0, V7, 5, major, 0, D5
113, 0, 0, 1, 0, 0, 0, 0, 1, 0, 0, 1, 0, 1, G, 0, i, 1, minor, 0, G4
113, 0, 0, 1, 0, 0, 1, 0, 1, 0, 0, 0, 1, 1, C, 0, V7, 5, major, 0, G4
114, 1, 0, 0, 1, 0, 0, 0, 1, 0, 0, 0, 0, 1, C, 0, i, 1, minor, 0, C4
114, 0, 0, 1, 0, 0, 1, 0, 1, 0, 0, 0, 1, 1, C, 0, V7, 5, major, 0, G4
115, 1, 0, 0, 1, 0, 0, 0, 1, 0, 0, 0, 0, 1, C, 0, i6, 1, minor, 1, C5
115, 1, 0, 0, 0, 1, 0, 0, 1, 0, 0, 1, 0, 2, F, 0, V65/iv, 5, major, 1, C6, C, 0, iv, 4, minor, 0, F4
116, 1, 0, 0, 0, 0, 1, 0, 0, 1, 0, 0, 0, 1, C, 0, iv, 4, minor, 0, F4
116, 1, 0, 0, 1, 0, 0, 1, 0, 0, 1, 0, 0, 2, G, 1, viio7/V, 7, diminished, 0, F#5, C, 0, V, 5, major, 0, G4
117, 0, 0, 1, 0, 0, 0, 0, 1, 0, 0, 0, 1, 1, C, 0, V, 5, major, 0, G4
117, 1, 0, 0, 0, 1, 0, 0, 1, 0, 0, 0, 0, 1, C, 1, I64, 1, major, 2, C5
118, 0, 0, 1, 0, 0, 1, 0, 1, 0, 0, 0, 1, 1, C, 1, V7, 5, major, 0, G4
118, 1, 0, 0, 0, 1, 0, 0, 1, 0, 0, 0, 0, 1, C, 1, I64, 1, major, 2, C5
118, 0, 0, 1, 0, 0, 0, 0, 1, 0, 0, 0, 1, 1, C, 1, V, 5, major, 0, G4
119, 0, 0, 1, 0, 0, 1, 0, 1, 0, 0, 0, 1, 1, C, 1, V7, 5, major, 0, G4
119, 1, 0, 0, 0, 1, 0, 0, 1, 0, 0, 0, 0, 1, C, 1, I64, 1, major, 2, C5
120, 0, 0, 1, 0, 0, 1, 0, 1, 0, 0, 0, 1, 1, C, 1, V7, 5, major, 0, G4
121, 0, 0, 1, 0, 0, 1, 0, 0, 1, 0, 0, 1, 2, A, 0, viio7/vi, 7, diminished, 0, G#5, C, 1, vi, 6, minor, 0, A4
121, 1, 0, 0, 0, 1, 0, 0, 0, 0, 1, 0, 0, 1, C, 1, vi, 6, minor, 0, A4
122, 0, 0, 1, 0, 0, 1, 0, 1, 0, 0, 0, 1, 1, C, 1, V42, 5, major, 3, G4
122, 1, 0, 0, 0, 1, 0, 0, 1, 0, 0, 0, 0, 1, C, 1, I6, 1, major, 1, C5
123, 0, 0, 1, 0, 0, 1, 0, 0, 1, 0, 0, 1, 2, C, 1, viio43/V, 7, diminished, 2, B4, F, 0, V, 5, major, 0, C5
123, 0, 1, 0, 0, 1, 0, 0, 1, 0, 0, 1, 0, 1, F, 0, viio7, 7, diminished, 0, E5
123, 0, 0, 1, 0, 0, 1, 0, 1, 0, 0, 1, 0, 1, F, 0, iihalfdim43, 2, minor, 2, G5
124, 0, 0, 1, 0, 0, 1, 0, 1, 0, 0, 1, 0, 1, F, 0, iihalfdim43, 2, minor, 2, G5
124, 0, 1, 0, 0, 1, 0, 0, 1, 0, 0, 1, 0, 1, F, 0, viio42, 7, diminished, 3, E5
124, 0, 1, 0, 0, 0, 1, 0, 0, 1, 0, 0, 1, 1, F, 0, Ger65, 4, other, 1, B5
125, 1, 0, 0, 0, 0, 1, 0, 0, 1, 0, 0, 0, 1, F, 0, i64, 1, minor, 2, F5
126, 1, 0, 0, 0, 1, 0, 0, 1, 0, 0, 1, 0, 1, F, 0, V7, 5, major, 0, C5
127, 1, 0, 0, 0, 0, 1, 0, 0, 1, 0, 0, 0, 1, F, 0, i6, 1, minor, 1, F5
128, 1, 0, 0, 0, 1, 0, 0, 1, 0, 0, 1, 0, 1, F, 0, V7, 5, major, 0, C5
129, 1, 0, 0, 0, 0, 1, 0, 0, 1, 0, 0, 0, 1, F, 0, i, 1, minor, 0, F4
129, 1, 0, 0, 1, 0, 0, 1, 0, 0, 1, 0, 0, 2, G, 1, viio7/V, 7, diminished, 0, F#5, C, 0, V, 5, major, 0, G4
129, 0, 0, 1, 0, 0, 0, 0, 1, 0, 0, 0, 1, 1, C, 0, V, 5, major, 0, G4
129, 0, 0, 1, 0, 0, 1, 0, 1, 0, 0, 0, 1, 1, C, 0, V7, 5, major, 0, G4
130, 1, 0, 0, 1, 0, 0, 0, 0, 1, 0, 0, 0, 1, C, 0, VI, 6, major, 0, Ab4
130, 1, 0, 0, 1, 0, 1, 0, 0, 0, 1, 0, 0, 2, Bb, 1, V65/VII, 5, major, 1, F6, C, 0, VII, 7, major, 0, Bb4
130, 0, 0, 1, 0, 0, 1, 0, 0, 0, 0, 1, 0, 1, C, 0, VII, 7, major, 0, Bb4
130, 0, 0, 1, 0, 0, 1, 0, 1, 0, 0, 0, 1, 1, C, 0, V65, 5, major, 1, G5
131, 1, 0, 0, 1, 0, 0, 0, 1, 0, 0, 0, 0, 1, C, 0, i, 1, minor, 0, C4
131, 0, 0, 1, 0, 0, 1, 0, 0, 1, 0, 0, 1, 1, C, 0, viio65, 7, diminished, 1, B4
132, 1, 0, 0, 1, 0, 0, 0, 1, 0, 0, 0, 0, 1, C, 0, i6, 1, minor, 1, C5
132, 1, 0, 0, 0, 1, 0, 0, 1, 0, 0, 1, 0, 2, F, 0, V65/iv, 5, major, 1, C6, C, 0, iv, 4, minor, 0, F4
132, 1, 0, 0, 0, 0, 1, 0, 0, 1, 0, 0, 0, 1, C, 0, iv, 4, minor, 0, F4
132, 0, 0, 1, 0, 0, 1, 0, 0, 1, 0, 0, 1, 1, C, 0, viio43, 7, diminished, 2, B4
133, 1, 0, 0, 1, 0, 0, 1, 0, 0, 1, 0, 0, 2, G, 1, viio7/V, 7, diminished, 0, F#5, C, 0, V, 5, major, 0, G4
134, 1, 0, 0, 1, 0, 0, 1, 0, 0, 1, 0, 0, 2, G, 1, viio7/V, 7, diminished, 0, F#5, C, 0, V, 5, major, 0, G4
135, 0, 0, 1, 0, 0, 0, 0, 1, 0, 0, 0, 1, 1, C, 0, V, 5, major, 0, G4
136, 1, 0, 0, 1, 0, 0, 0, 1, 0, 0, 0, 0, 1, C, 0, i, 1, minor, 0, C4
136, 0, 0, 1, 0, 0, 1, 0, 1, 0, 0, 0, 1, 1, C, 0, V65, 5, major, 1, G5
137, 1, 0, 0, 0, 1, 0, 0, 1, 0, 0, 1, 0, 2, F, 0, V42/iv, 5, major, 3, C5, C, 0, iv, 4, minor, 0, F4
137, 1, 0, 0, 0, 0, 1, 0, 0, 0, 1, 0, 0, 1, C, 0, IV6, 4, major, 1, F5
138, 1, 0, 0, 1, 0, 0, 1, 0, 1, 0, 0, 0, 1, C, 0, Ger65, 4, other, 1, F#5
138, 1, 0, 0, 1, 0, 0, 0, 1, 0, 0, 0, 0, 1, C, 0, i64, 1, minor, 2, C5
139, 1, 0, 0, 1, 0, 0, 0, 1, 0, 0, 0, 0, 1, C, 0, i64, 1, minor, 2, C5
139, 0, 0, 1, 0, 0, 1, 0, 1, 0, 0, 0, 1, 1, C, 0, V7, 5, major, 0, G4
139, 1, 0, 0, 1, 0, 0, 0, 1, 0, 0, 0, 0, 1, C, 0, i, 1, minor, 0, C4
140, 0, 0, 1, 0, 0, 0, 0, 1, 0, 0, 0, 1, 1, C, 0, V, 5, major, 0, G4
140, 1, 0, 0, 0, 1, 0, 0, 1, 0, 0, 1, 0, 2, F, 0, V65/iv, 5, major, 1, C6, C, 0, iv, 4, minor, 0, F4
141, 1, 0, 0, 0, 0, 1, 0, 0, 0, 1, 0, 0, 1, C, 0, IV, 4, major, 0, F4
141, 1, 0, 0, 0, 0, 1, 0, 0, 1, 0, 0, 0, 1, C, 0, iv, 4, minor, 0, F4
142, 1, 0, 0, 1, 0, 0, 0, 1, 0, 0, 0, 0, 1, C, 0, i64, 1, minor, 2, C5
143, 0, 0, 1, 0, 0, 0, 0, 1, 0, 0, 0, 1, 1, C, 0, V, 5, major, 0, G4
143, 1, 0, 0, 1, 0, 0, 0, 1, 0, 0, 0, 0, 1, C, 0, i, 1, minor, 0, C4
143, 0, 0, 1, 0, 0, 1, 0, 1, 0, 0, 0, 1, 1, C, 0, V65, 5, major, 1, G5
144, 0, 0, 1, 0, 0, 0, 0, 1, 0, 0, 0, 1, 1, C, 0, V, 5, major, 0, G4
144, 1, 0, 0, 1, 0, 0, 0, 1, 0, 0, 0, 0, 1, C, 0, i, 1, minor, 0, C4
144, 0, 0, 1, 0, 0, 0, 0, 1, 0, 0, 0, 1, 1, C, 0, V6, 5, major, 1, G5
145, 1, 0, 0, 1, 0, 0, 0, 1, 0, 0, 0, 0, 1, C, 0, i, 1, minor, 0, C4
145, 0, 0, 1, 0, 0, 0, 0, 1, 0, 0, 0, 1, 1, C, 0, V, 5, major, 0, G4
146, 1, 0, 0, 1, 0, 0, 0, 1, 0, 0, 0, 0, 1, C, 0, i, 1, minor, 0, C4
146, 0, 0, 1, 0, 0, 0, 0, 1, 0, 0, 0, 1, 1, C, 0, V, 5, major, 0, G4
147, 1, 0, 0, 1, 0, 0, 0, 1, 0, 0, 0, 0, 1, C, 0, i, 1, minor, 0, C4
147, 1, 0, 0, 1, 0, 0, 1, 0, 0, 1, 0, 0, 2, G, 1, viio42/V, 7, diminished, 3, F#5, C, 0, V, 5, major, 0, G4
148, 1, 0, 0, 1, 0, 0, 1, 0, 0, 1, 0, 0, 2, G, 1, viio42/V, 7, diminished, 3, F#5, C, 0, V, 5, major, 0, G4
148, 0, 0, 1, 0, 0, 1, 0, 0, 1, 0, 0, 1, 1, C, 0, viio65, 7, diminished, 1, B4
148, 0, 0, 1, 0, 0, 1, 0, 0, 1, 0, 0, 1, 1, C, 0, viio43, 7, diminished, 2, B4
149, 0, 0, 1, 0, 0, 1, 0, 0, 1, 0, 0, 1, 1, C, 0, viio43, 7, diminished, 2, B4
149, 0, 1, 0, 0, 1, 0, 0, 1, 0, 0, 1, 0, 2, F, 0, viio42/iv, 7, diminished, 3, E5, C, 0, iv, 4, minor, 0, F4
149, 0, 1, 0, 0, 1, 0, 0, 1, 0, 0, 1, 0, 2, F, 0, viio7/iv, 7, diminished, 0, E5, C, 0, iv, 4, minor, 0, F4
150, 0, 1, 0, 0, 1, 0, 0, 1, 0, 0, 1, 0, 2, F, 0, viio7/iv, 7, diminished, 0, E5, C, 0, iv, 4, minor, 0, F4
150, 1, 0, 0, 0, 0, 1, 0, 0, 0, 1, 0, 0, 1, C, 0, IV64, 4, major, 2, F4
151, 1, 0, 0, 1, 0, 0, 0, 1, 0, 0, 0, 0, 1, C, 0, i, 1, minor, 0, C4
151, 1, 0, 0, 0, 0, 1, 0, 0, 1, 0, 0, 0, 1, C, 0, iv, 4, minor, 0, F4
152, 1, 0, 0, 0, 1, 0, 0, 1, 0, 0, 1, 0, 2, F, 0, V65/iv, 5, major, 1, C6, C, 0, iv, 4, minor, 0, F4
152, 1, 0, 0, 0, 0, 1, 0, 0, 1, 0, 0, 0, 1, C, 0, iv, 4, minor, 0, F4
152, 0, 0, 1, 0, 0, 1, 0, 1, 0, 0, 0, 1, 1, C, 0, V42, 5, major, 3, G4
153, 1, 0, 0, 0, 1, 0, 0, 1, 0, 0, 0, 0, 1, C, 0, I, 1, major, 0, C4
153, 1, 0, 0, 0, 0, 1, 0, 0, 1, 0, 0, 0, 1, C, 0, iv, 4, minor, 0, F4
154, 1, 0, 0, 0, 1, 0, 0, 1, 0, 0, 1, 0, 2, F, 0, V65/iv, 5, major, 1, C6, C, 0, iv, 4, minor, 0, F4
154, 1, 0, 0, 0, 0, 1, 0, 0, 1, 0, 0, 0, 1, C, 0, iv, 4, minor, 0, F4
154, 0, 0, 1, 0, 0, 1, 0, 1, 0, 0, 0, 1, 1, C, 0, V42, 5, major, 3, G4
155, 1, 0, 0, 0, 1, 0, 0, 1, 0, 0, 0, 0, 1, C, 0, I, 1, major, 0, C4
155, 1, 0, 0, 0, 0, 1, 0, 0, 1, 0, 0, 0, 1, C, 0, iv, 4, minor, 0, F4
156, 1, 0, 0, 0, 1, 0, 0, 1, 0, 0, 1, 0, 2, F, 0, V65/iv, 5, major, 1, C6, C, 0, iv, 4, minor, 0, F4
156, 1, 0, 0, 0, 0, 1, 0, 0, 1, 0, 0, 0, 1, C, 0, iv, 4, minor, 0, F4
157, 0, 0, 1, 0, 0, 1, 0, 0, 1, 0, 0, 1, 1, C, 0, viio43, 7, diminished, 2, B4
158, 1, 0, 0, 0, 1, 0, 0, 1, 0, 0, 0, 0, 1, C, 0, I, 1, major, 0, C4
